courier_id,wave_index,tracking_id,courier_wave_start_lng,courier_wave_start_lat,action_type,expect_time
124124649,1,2100076250374637115,121.574559,39.167245,PICKUP,1583234638.691301
10488513,1,2100076198862455820,121.454680,39.106210,PICKUP,1583206696.104922
10488513,7,2100076241405511409,121.454049,39.091008,PICKUP,1583230354.315982
10518924,3,2100076216213079791,121.477156,39.068398,DELIVERY,1583215301.132112
10386183,3,2100076206216119339,121.460817,39.175959,PICKUP,1583209851.103188
118891361,1,2100076204532335627,121.465041,39.158336,DELIVERY,1583210681.428297
118891361,7,2100076237679134167,121.469904,39.170629,PICKUP,1583230069.992722
116479041,1,2100076203771528361,121.469755,39.158623,DELIVERY,1583208317.684613
109511434,1,2100076188370830502,121.552071,39.111520,PICKUP,1583204499.502552
109511434,5,2100076230113756729,121.547491,39.111696,PICKUP,1583226317.083010
113666817,1,2100076215709206023,121.456298,39.184750,PICKUP,1583216249.999167
113666817,3,2100076239778907874,121.456776,39.184694,DELIVERY,1583229633.396603
117054081,1,2100076221026206731,121.389554,39.246416,PICKUP,1583220562.529890
105226074,1,2100076201926330271,121.486026,39.192841,PICKUP,1583209040.196512
105226074,5,2100076242153572098,121.478857,39.199134,PICKUP,1583231360.401320
118248009,1,2100076192160712495,121.419770,39.199870,PICKUP,1583205790.719656
103191818,3,2100076245015693182,121.539687,39.255214,DELIVERY,1583231890.046042
119285537,1,2100076201157100872,121.479769,39.072373,PICKUP,1583208092.498491
119285537,5,2100076228347463415,121.478248,39.067946,PICKUP,1583224212.031876
119285537,7,2100076251776747358,121.483973,39.064995,PICKUP,1583236492.713465
104989810,1,2100076203498309142,121.790503,39.112760,DELIVERY,1583209528.336571
104989810,3,2100076236856166396,121.798517,39.110392,PICKUP,1583228189.452955
110812290,1,2100076180333233854,121.528563,39.276989,PICKUP,1583200587.463763
118841633,1,2100076222522000523,121.465791,39.063779,PICKUP,1583219309.223783
106359898,3,2100076245169079829,121.424737,39.252250,PICKUP,1583232923.422152
117108625,1,2100076204796053116,121.430224,39.194790,PICKUP,1583210447.938469
10548799,1,2100076246685942847,121.446373,39.205697,PICKUP,1583232547.323590
116642425,1,2100076219589396286,121.388913,39.234838,PICKUP,1583216886.886070
116642425,3,2100076232821147545,121.379768,39.238680,PICKUP,1583227868.429800
103530058,1,2100076207160559266,121.460173,39.070254,DELIVERY,1583210419.054171
103530058,5,2100076238636942856,121.477954,39.078650,PICKUP,1583229990.917029
117672601,1,2100076207568390025,121.750821,39.096740,PICKUP,1583210190.865948
117672601,3,2100076227795125733,121.753760,39.111639,DELIVERY,1583224717.664036
117672601,5,2100076247153083682,121.743696,39.123950,PICKUP,1583233130.145183
116377137,1,2100076194130363888,121.959235,39.592693,PICKUP,1583206964.770525
112075042,1,2100076195027715248,121.623575,39.156325,PICKUP,1583207649.877738
112075042,3,2100076218164414393,121.614270,39.156302,DELIVERY,1583216012.783000
10098837,1,2100076223336154494,121.418426,39.204365,PICKUP,1583222064.864354
10098837,3,2100076240796419454,121.428429,39.197168,PICKUP,1583230165.296917
10477197,1,2100076187377075819,121.540456,39.064315,PICKUP,1583204087.171878
10127695,1,2100076235529717063,121.602477,39.133877,PICKUP,1583228812.325404
102505842,1,2100076230560941383,121.616106,39.190106,DELIVERY,1583227051.099594
10642055,1,2100076207859663972,121.549608,39.133585,PICKUP,1583210627.519889
114464161,3,2100076195288516253,121.447334,39.142445,PICKUP,1583207001.169827
10277311,1,2100076209557014209,121.528603,39.206870,PICKUP,1583210932.370019
118805145,1,2100076208762094699,121.366571,39.148258,PICKUP,1583210583.757682
118206785,1,2100076208981215000,121.445708,39.203554,PICKUP,1583210017.299321
118206785,3,2100076245255423766,121.446671,39.206139,PICKUP,1583233615.862171
122081305,1,2100076197130110421,121.655438,39.252962,PICKUP,1583207404.135485
122081305,3,2100076244436027082,121.655672,39.252756,PICKUP,1583232496.725183
121778417,1,2100076189719103480,121.467622,39.298296,PICKUP,1583203981.300366
121778417,3,2100076199991248091,121.446249,39.289061,DELIVERY,1583208678.439986
111845074,1,2100076178240964069,121.456714,39.210996,PICKUP,1583205787.242853
122060865,3,2100076214456550754,121.660726,39.168530,PICKUP,1583214477.747664
10417888,3,2100076241746396405,121.484462,39.164600,PICKUP,1583230923.498418
113186569,3,2100076213104707416,121.340097,39.442182,PICKUP,1583213927.478567
113186569,5,2100076192525256093,121.353310,39.428285,DELIVERY,1583222994.725853
10365330,1,2100076199130236883,121.711568,39.142757,PICKUP,1583207943.394560
10365330,3,2100076212211451276,121.712443,39.143224,PICKUP,1583213499.614534
10365330,5,2100076235462935552,121.703051,39.149208,PICKUP,1583228890.426740
107476610,1,2100076206995605096,121.845316,39.159462,PICKUP,1583210163.181998
118559025,1,2100076196019603104,121.255495,38.943414,DELIVERY,1583210436.624061
10678111,1,2100076207403631686,121.501915,39.150979,PICKUP,1583210091.159375
10678111,3,2100076233574582136,121.484479,39.120221,DELIVERY,1583227179.314522
118802473,1,2100076206453982930,121.534724,39.279887,PICKUP,1583209923.575357
118918993,1,2100076215905093040,121.958911,39.592423,DELIVERY,1583214182.318150
118918993,3,2100076234557719563,121.943220,39.592003,PICKUP,1583226909.720870
118808025,5,2100076205047547613,121.473554,39.136042,PICKUP,1583209585.728938
118808025,9,2100076228079748288,121.492712,39.122049,PICKUP,1583223310.048321
10100267,1,2100076236272894990,121.416450,39.260513,DELIVERY,1583229340.046513
123931449,1,2100076197081647054,121.545221,39.177231,PICKUP,1583207020.208344
123931449,3,2100076210496570655,121.560280,39.175582,PICKUP,1583211285.734134
123931449,5,2100076225607206378,121.557424,39.178764,PICKUP,1583222619.592235
123931449,7,2100076236390041583,121.557346,39.176047,PICKUP,1583228948.006731
123931449,11,2100076254299358881,121.560723,39.176034,DELIVERY,1583237938.702342
10487413,1,2100076248473961595,121.528608,39.277378,DELIVERY,1583236182.919849
125812730,3,2100076220639118839,121.415863,39.130216,DELIVERY,1583219399.942629
100170616,1,2100076191631541801,121.478816,39.199716,PICKUP,1583205833.825660
100170616,5,2100076235669997471,121.472355,39.199233,PICKUP,1583228832.749699
10638398,1,2100076185741624496,121.616798,39.154133,PICKUP,1583202516.733422
10638398,5,2100076092422391375,121.614605,39.162555,PICKUP,1583225206.821060
10726147,1,2100076234970662311,121.470718,39.126523,PICKUP,1583227716.250690
122881657,1,2100076195108455470,121.718056,39.144120,PICKUP,1583206721.634771
122881657,3,2100076224307660632,121.694302,39.137511,DELIVERY,1583222574.969810
122881657,5,2100076239269365494,121.719564,39.147200,PICKUP,1583230071.043009
100166169,5,2100076245166818709,121.568516,39.167125,PICKUP,1583232649.998241
117069697,1,2100076204706596074,121.958919,39.593598,DELIVERY,1583209718.651959
117049569,3,2100076219066648232,121.225790,39.152825,PICKUP,1583218192.250111
117049569,5,2100076243727648554,121.234746,39.124067,PICKUP,1583232573.105487
10681905,1,2100076203432805412,121.553733,39.142768,PICKUP,1583208758.776877
118347857,1,2100076186283672901,121.615208,39.029540,PICKUP,1583203964.102929
118347857,3,2100076231466452803,121.620200,39.031938,PICKUP,1583226455.118121
111069178,3,2100076185474696271,121.538076,39.170804,PICKUP,1583202289.124098
10311341,1,2100076203371038533,121.707960,39.266761,PICKUP,1583209295.174872
10361752,5,2100076238121305340,121.313656,39.125599,PICKUP,1583229987.588277
10083928,1,2100076181231568589,121.598349,39.218395,PICKUP,1583196536.591239
118789185,1,2100076214114846251,121.487643,39.128795,DELIVERY,1583213689.067094
116034321,1,2100076200675837631,121.553187,39.108840,PICKUP,1583208555.125997
124274137,1,2100076200511571399,121.557293,39.178623,PICKUP,1583207447.560349
124274137,5,2100076246865708663,121.545096,39.177497,DELIVERY,1583233786.853352
114595425,1,2100076203040179831,121.550963,39.187335,PICKUP,1583208984.746769
114595425,5,2100076239612708148,121.560832,39.166945,PICKUP,1583230600.270043
117010921,1,2100076191257626331,121.430205,39.103626,DELIVERY,1583207540.184935
117010921,3,2100076229310678622,121.442875,39.102425,PICKUP,1583226125.250312
122726849,1,2100076233565832502,121.546969,39.083911,PICKUP,1583227958.624676
122726849,3,2100076250677413655,121.540038,39.075827,PICKUP,1583235672.662889
10515576,1,2100076196356064759,121.631017,39.137624,PICKUP,1583206800.612543
10515576,5,2100076245031322711,121.617441,39.133814,PICKUP,1583231768.667992
118690377,1,2100076231357892265,121.707798,39.266753,PICKUP,1583226985.787962
122287833,1,2100076239707178999,121.396432,39.308649,PICKUP,1583230943.266366
102333794,5,2100076249680676526,121.353623,39.450242,PICKUP,1583234596.797488
102085666,1,2100076197727668026,121.657184,39.321414,PICKUP,1583206879.223285
10748345,1,2100076200807499190,121.468446,39.095253,DELIVERY,1583208049.077346
10748345,5,2100076227549824699,121.474392,39.106922,PICKUP,1583225198.307015
117106585,1,2100076201163786180,121.438798,39.194235,PICKUP,1583208500.154897
101958914,1,2100076183593911769,121.366377,39.148358,PICKUP,1583205760.729353
101958914,5,2100076247869129846,121.350996,39.147524,PICKUP,1583233612.069586
112516818,1,2100076234568795801,121.571954,39.023536,PICKUP,1583227015.855993
10664091,1,2100076189611689808,121.524446,39.158540,DELIVERY,1583205326.854038
10664091,3,2100076218849822587,121.530301,39.148130,PICKUP,1583216733.342857
10664091,5,2100076236794332203,121.532204,39.151601,PICKUP,1583230201.424795
117042817,3,2100076231239140433,121.202082,39.162626,PICKUP,1583227102.450129
113493697,5,2100076234359637647,121.515350,39.164618,PICKUP,1583227885.968102
10584671,1,2100076238415169059,121.775156,39.099141,PICKUP,1583230083.367703
102938282,1,2100076202482861260,121.446430,39.297666,PICKUP,1583207801.197907
102938282,5,2100076234661791462,121.435355,39.298508,PICKUP,1583228013.738008
102938282,7,2100076256540984987,121.452727,39.298096,PICKUP,1583239558.373610
124712017,1,2100076205312411170,121.521550,39.133271,PICKUP,1583210176.142847
121657113,3,2100076204315608823,121.479372,39.072116,PICKUP,1583214637.144342
119500977,1,2100076206984103224,121.568458,39.167006,PICKUP,1583210843.179937
107647570,1,2100076209711646089,121.629597,39.134365,DELIVERY,1583211807.778139
122153417,1,2100076203371201681,121.475157,39.169375,DELIVERY,1583211007.830697
10112683,1,2100076200037287347,121.453756,38.994103,DELIVERY,1583208300.803063
10601332,1,2100076205099943723,121.534638,39.186885,PICKUP,1583208365.981530
10601332,3,2100076244273464330,121.540364,39.177177,PICKUP,1583232178.244319
10364589,3,2100076205886998393,121.580229,39.115026,PICKUP,1583209444.689107
10671104,1,2100076182593046000,121.403054,39.052794,DELIVERY,1583201653.351770
10671104,3,2100076211879118320,121.402859,39.052739,DELIVERY,1583214022.039677
10671104,5,2100076228135060976,121.403012,39.052619,DELIVERY,1583226785.104227
10671104,7,2100076252142863856,121.421920,39.064148,DELIVERY,1583239373.012374
101269810,1,2100076188930475393,121.526749,39.118230,PICKUP,1583205471.887278
101269810,3,2100076241227842949,121.533070,39.108563,PICKUP,1583231095.781255
112525786,1,2100076204697420874,121.577103,39.139668,PICKUP,1583210200.050475
112525786,3,2100076254683301363,121.583220,39.147968,PICKUP,1583239313.824713
103410906,1,2100076248078813151,121.368194,39.121612,PICKUP,1583233066.966086
10579286,1,2100076198341838401,121.546715,39.083771,PICKUP,1583208279.252434
10579286,5,2100076246691612644,121.524643,39.080694,PICKUP,1583233445.233005
118789345,1,2100076181595621063,121.556869,39.183167,PICKUP,1583202536.904890
122904977,5,2100076236182685300,121.623817,39.133607,PICKUP,1583228346.084887
118793961,5,2100076245124449561,121.562162,39.182361,DELIVERY,1583232852.615514
10671986,1,2100076191076779025,121.376702,39.146609,PICKUP,1583205567.433877
10671986,5,2100076220306490791,121.377176,39.146597,PICKUP,1583218026.911779
10671986,7,2100076236910494816,121.397896,39.146770,PICKUP,1583228668.382082
118789929,1,2100076189922821731,121.476551,39.127765,PICKUP,1583205888.843477
118789929,3,2100076227145532922,121.487353,39.140351,PICKUP,1583223667.530508
118789929,5,2100076234492019977,121.487360,39.140477,DELIVERY,1583229754.191217
121572297,1,2100076215487202346,121.748635,39.108246,DELIVERY,1583214968.927027
117031713,1,2100076194523874577,121.530783,39.216671,PICKUP,1583206773.119235
10305435,1,2100076240901932146,121.548887,39.083742,PICKUP,1583230778.547932
102401578,1,2100076238904919776,121.616421,38.987561,PICKUP,1583229687.951223
10572143,1,2100076206917289280,121.527707,39.277047,PICKUP,1583210192.443334
10572143,3,2100076229288331062,121.527717,39.277040,PICKUP,1583224188.419994
10572143,5,2100076245452851101,121.527403,39.274079,PICKUP,1583232559.150514
10660150,1,2100076211506578993,121.602403,39.183775,PICKUP,1583212246.523549
10650683,1,2100076203398661272,121.530159,39.201399,DELIVERY,1583209502.305084
10650683,5,2100076254466442526,121.532453,39.199333,PICKUP,1583239190.210181
123563353,1,2100076210378507643,121.446820,39.257853,PICKUP,1583211463.110800
123563353,3,2100076239101462526,121.443221,39.258382,PICKUP,1583230084.907695
122154985,1,2100076199560710025,121.570331,39.215015,PICKUP,1583207919.306946
122154985,3,2100076240996992280,121.570335,39.212326,PICKUP,1583230177.774886
122077169,1,2100076204733727963,121.590026,39.093892,PICKUP,1583208916.795034
10282591,1,2100076235551278218,121.539717,39.211628,PICKUP,1583228047.090675
113485593,1,2100076224867272384,121.596500,39.208392,DELIVERY,1583222254.433774
117026369,1,2100076231563805987,121.582231,39.228773,DELIVERY,1583227216.841599
105233010,1,2100076246662546646,121.521353,39.161600,PICKUP,1583232631.946377
117024545,1,2100076190420206748,121.436900,39.251261,DELIVERY,1583206427.436413
125779698,1,2100076196592912255,121.616111,39.194039,PICKUP,1583207334.104139
125779698,3,2100076215287842800,121.601296,39.189008,PICKUP,1583213775.121984
110962402,1,2100076194013840483,121.474313,39.158383,PICKUP,1583207089.412602
10199051,3,2100076233655879264,121.466774,39.095083,PICKUP,1583231779.481034
10183941,1,2100076208640132443,121.574630,39.096330,PICKUP,1583209545.276707
10183941,3,2100076247717086297,121.577471,39.109449,PICKUP,1583233313.049681
117070033,1,2100076189604808346,121.660478,39.170048,PICKUP,1583205760.813428
101166018,1,2100076181382530231,121.484169,39.065745,DELIVERY,1583208690.077742
106364250,3,2100076246312814427,121.708375,39.142137,PICKUP,1583234204.670984
117428305,1,2100076177271621310,121.526651,39.271345,PICKUP,1583213272.797485
113419889,1,2100076196753278362,121.604213,39.184203,DELIVERY,1583207373.111839
117528729,1,2100076207470544023,121.520845,39.204719,PICKUP,1583209611.229161
10797771,1,2100076191828936112,121.478008,39.063556,PICKUP,1583205937.228870
110943594,3,2100076251043760074,121.553703,39.139154,PICKUP,1583235108.118084
116190881,1,2100076207059797244,121.707814,39.266533,DELIVERY,1583211042.466218
116190881,5,2100076248073603006,121.703733,39.261197,PICKUP,1583233850.589015
10799255,3,2100076244530038090,121.595748,39.215673,PICKUP,1583232406.954151
10354617,1,2100076174814709409,121.557590,39.178846,DELIVERY,1583203364.836355
10354617,3,2100076207146632865,121.562301,39.175957,PICKUP,1583210796.204222
10354617,5,2100076230593349281,121.557494,39.178756,PICKUP,1583229382.735097
116505025,1,2100076239462532911,121.178495,38.930068,DELIVERY,1583231850.022693
10392452,1,2100076197266589501,121.486049,39.157223,DELIVERY,1583207394.227612
100429202,1,2100076201978987683,121.378011,39.112650,PICKUP,1583208553.520304
100429202,5,2100076242615698756,121.329219,39.125152,PICKUP,1583231605.062998
106623778,1,2100076212888405510,121.694047,39.279195,DELIVERY,1583214284.836005
100023698,1,2100076205271680613,121.373108,39.137259,PICKUP,1583209243.365779
10781084,1,2100076201140356319,121.395658,39.087178,PICKUP,1583207574.532560
10781084,5,2100076252992309239,121.418205,39.084118,PICKUP,1583236856.380484
106581010,3,2100076235211572785,121.614949,39.145385,DELIVERY,1583228527.399939
110846282,1,2100076198548145301,121.446196,39.210256,PICKUP,1583207170.602042
10293468,1,2100076193919468994,121.752684,39.143143,DELIVERY,1583207372.381453
10293468,5,2100076224892700309,121.752388,39.140863,PICKUP,1583221713.550365
10782205,1,2100076210993890451,121.756499,39.125754,PICKUP,1583211639.714685
123314609,3,2100076248726538028,121.384510,39.234205,PICKUP,1583234470.243026
117040001,3,2100076249781471002,121.271271,39.148655,DELIVERY,1583235586.396839
10185816,1,2100076184099686239,121.440106,39.102172,PICKUP,1583200385.290397
10185816,3,2100076194898183170,121.455701,39.105962,PICKUP,1583206078.925535
117068537,3,2100076197408409119,121.960894,39.591887,PICKUP,1583207728.749940
102693874,1,2100076206667859591,121.591023,39.200736,PICKUP,1583210906.414687
103738138,1,2100076244802471411,121.586810,39.167238,PICKUP,1583232303.882517
122157481,1,2100076222855448277,121.503020,39.198220,PICKUP,1583220199.804650
125996858,1,2100076193822311740,121.447198,39.210968,PICKUP,1583206857.802050
125996858,7,2100076243089917317,121.443451,39.211604,PICKUP,1583231316.240179
10775373,1,2100076206570702503,121.561359,39.182093,PICKUP,1583210248.470307
113067034,1,2100076192726156945,121.712573,39.143297,DELIVERY,1583207415.483943
113067034,3,2100076222911645561,121.715528,39.143169,DELIVERY,1583220915.844495
113067034,5,2100076244380419118,121.712197,39.142766,PICKUP,1583231866.676810
10012508,1,2100076195951347593,121.548457,39.290662,PICKUP,1583206379.385081
10012508,3,2100076242602362222,121.548390,39.290528,PICKUP,1583231602.239546
10656566,1,2100076199970669855,121.467197,39.257281,PICKUP,1583208175.178561
119663369,1,2100076180934821813,121.563747,39.111942,PICKUP,1583197357.415020
118811881,1,2100076187465811550,121.439423,39.100141,PICKUP,1583204512.176078
118811881,3,2100076210590582056,121.454661,39.105973,PICKUP,1583211486.023514
10593238,1,2100076185918374960,121.365297,39.121478,DELIVERY,1583204700.603592
10593238,3,2100076220815083162,121.334200,39.123625,PICKUP,1583218183.448649
10593238,5,2100076239504802864,121.365461,39.121620,DELIVERY,1583231098.690726
102748698,1,2100076238097024052,121.565345,39.140715,PICKUP,1583230301.510070
117026577,1,2100076243774014697,121.581361,39.211681,PICKUP,1583232033.234702
118981753,1,2100076196252944318,121.709761,39.265276,PICKUP,1583206829.883105
10548486,1,2100076184170334075,121.530790,39.158849,PICKUP,1583202110.048473
10120267,1,2100076184050337195,121.428224,39.197599,PICKUP,1583205546.170544
10120267,3,2100076211130074309,121.428209,39.197022,PICKUP,1583212566.737666
103441042,1,2100076205869696529,121.442225,39.053081,PICKUP,1583210032.217688
103441042,3,2100076232314979524,121.433571,39.065473,PICKUP,1583225998.119830
102246634,1,2100076197137549274,121.353550,39.428131,PICKUP,1583207266.146104
10148788,1,2100076190547838844,121.456368,39.210754,PICKUP,1583205669.722894
10459881,1,2100076185385928609,121.756115,39.107129,DELIVERY,1583202705.400443
10459881,7,2100076248240096668,121.736106,39.109912,DELIVERY,1583235114.896250
113022562,5,2100076212164035720,121.668948,39.133848,PICKUP,1583212883.411513
113022562,7,2100076224802555809,121.668936,39.133991,PICKUP,1583221018.877405
103216602,1,2100076203492312283,121.754559,39.347063,PICKUP,1583208883.687210
120882097,1,2100076205577078672,121.428570,38.907990,PICKUP,1583209889.117410
118797201,1,2100076201405908867,121.487575,39.096435,PICKUP,1583208740.483050
118797201,3,2100076222873994791,121.498800,39.107641,PICKUP,1583219550.604136
118797201,5,2100076226299692157,121.500462,39.100939,PICKUP,1583224937.746132
118797201,7,2100076237591185283,121.495822,39.104790,DELIVERY,1583230227.995708
121957913,1,2100076227654584021,121.503162,39.198149,DELIVERY,1583224231.687494
121957913,3,2100076249739364053,121.503154,39.198307,DELIVERY,1583235238.491178
10659267,1,2100076240790980105,121.592162,39.216400,PICKUP,1583230072.751856
10067592,1,2100076195107308771,121.595041,39.202558,DELIVERY,1583208299.193534
10067592,3,2100076238027326744,121.594491,39.207214,PICKUP,1583229377.773093
117031321,3,2100076196931044994,121.568628,39.165432,PICKUP,1583206904.389821
102505130,1,2100076178228020687,121.566032,39.245517,PICKUP,1583201973.610199
102505130,5,2100076222502372755,121.531435,39.250747,PICKUP,1583219250.656996
102505130,7,2100076230403950300,121.532479,39.250658,PICKUP,1583225955.067318
118918985,3,2100076230691161281,121.958759,39.592662,DELIVERY,1583226225.112011
10392466,3,2100076204889966054,121.477711,39.163497,DELIVERY,1583210387.547915
10392466,5,2100076224046728358,121.481491,39.154269,PICKUP,1583219849.340377
119271329,1,2100076175528953729,121.660434,39.172092,PICKUP,1583209393.435549
119271329,3,2100076218867549889,121.664357,39.183667,DELIVERY,1583219301.077151
118661681,1,2100076203509613591,121.585664,39.104547,DELIVERY,1583209332.550576
104838370,1,2100076205987235302,121.484055,39.164821,PICKUP,1583209480.357079
104838370,3,2100076218544195046,121.492056,39.162218,PICKUP,1583215751.125047
104838370,5,2100076235290150856,121.492423,39.160793,PICKUP,1583228001.320933
10021791,1,2100076203321624066,121.446504,39.206230,PICKUP,1583209756.473425
118787761,5,2100076244954023930,121.542327,39.258958,PICKUP,1583232714.545160
114454825,1,2100076210398627825,121.537216,39.020669,PICKUP,1583210929.314472
10306647,1,2100076201439724963,121.530393,39.083257,DELIVERY,1583208423.236122
107736970,1,2100076215394895738,121.538081,39.116112,PICKUP,1583214323.095127
107736970,3,2100076244403553669,121.540725,39.118449,PICKUP,1583231655.646611
10328045,1,2100076182488647381,121.484779,39.171917,PICKUP,1583199249.708326
125119169,1,2100076197270980512,121.481108,39.144132,PICKUP,1583207177.511816
118828337,1,2100076197255513818,121.676865,39.145989,PICKUP,1583207218.292240
118828337,3,2100076211213370820,121.703402,39.133971,DELIVERY,1583213208.120014
121168273,1,2100076197522442032,121.465970,39.225795,PICKUP,1583206510.369994
106568746,3,2100076242708399527,121.666895,39.137920,PICKUP,1583231972.304580
10598602,1,2100076178160486048,121.799068,39.101075,PICKUP,1583201274.912159
10598602,3,2100076219003176372,121.797795,39.100095,PICKUP,1583217839.277568
10598602,5,2100076242725504063,121.795332,39.084149,PICKUP,1583230710.712552
114716833,1,2100076237102056586,121.546268,39.205693,PICKUP,1583229828.584712
102952578,1,2100076238953514588,121.564481,39.165732,DELIVERY,1583230325.027269
103135370,3,2100076243656902252,121.415887,39.152314,PICKUP,1583232911.472622
10667763,1,2100076241320773548,121.454606,39.095164,PICKUP,1583231274.169829
118828521,1,2100076202884334765,121.525217,39.127498,DELIVERY,1583209381.647513
10126649,1,2100076180251706806,121.687778,39.140833,PICKUP,1583196383.288769
10126649,3,2100076189150217654,121.687484,39.140752,PICKUP,1583204409.033520
10126649,5,2100076211933676982,121.687789,39.140749,PICKUP,1583212236.741069
10126649,7,2100076219774469558,121.687697,39.140813,DELIVERY,1583220365.779937
10126649,9,2100076232662484406,121.687874,39.140783,PICKUP,1583229539.729153
124686817,1,2100076212907968210,121.573660,39.155816,PICKUP,1583211531.606123
124686817,7,2100076250476872802,121.557598,39.163936,PICKUP,1583235841.926899
10720158,1,2100076229373134106,121.422907,39.151198,PICKUP,1583224860.457968
10720158,3,2100076245753333004,121.423602,39.145120,PICKUP,1583232946.685953
117066833,1,2100076199361414557,121.661316,39.174040,PICKUP,1583207320.924545
117066833,3,2100076222686037702,121.664955,39.168760,PICKUP,1583220858.105767
117066833,5,2100076234462856754,121.660508,39.170182,PICKUP,1583228126.245371
118329481,1,2100076188292252939,121.406405,39.366305,PICKUP,1583204802.581736
111269722,1,2100076205141395069,121.474558,39.204697,PICKUP,1583208804.204849
111269722,5,2100076240249783724,121.465496,39.192080,PICKUP,1583230564.700299
118558089,3,2100076229673191036,121.428869,39.196900,PICKUP,1583226542.050022
118667561,1,2100076199553631337,121.786553,39.095028,PICKUP,1583207833.418263
118667561,5,2100076239734900259,121.770339,39.093167,PICKUP,1583230791.124596
123497569,1,2100076193091225217,121.442617,39.183354,DELIVERY,1583207084.665401
118790673,1,2100076200753300947,121.486275,39.147164,DELIVERY,1583209241.320223
117080089,3,2100076253288662145,121.942208,39.596678,DELIVERY,1583237801.634793
103679442,1,2100076197846910866,121.481684,39.155623,PICKUP,1583207074.416894
116989929,1,2100076203834705051,121.756869,39.123026,PICKUP,1583208039.844747
116989929,3,2100076236172724022,121.751643,39.120291,PICKUP,1583228353.010710
116989929,5,2100076246345418022,121.745081,39.121069,PICKUP,1583232778.123312
101437378,1,2100076210975541117,121.572453,39.115089,PICKUP,1583210883.804583
101437378,3,2100076241483531641,121.574755,39.106898,PICKUP,1583231029.400307
111193122,1,2100076197515462021,121.446887,39.210791,PICKUP,1583207081.826285
106582138,1,2100076189184886728,121.484750,39.162140,PICKUP,1583205313.248891
106834122,3,2100076234231645497,121.593075,39.111274,PICKUP,1583227132.029283
106834122,5,2100076251503265251,121.578125,39.110439,PICKUP,1583236064.316204
125155241,1,2100076192380617866,121.420376,39.183820,PICKUP,1583206382.327683
123213849,1,2100076194282144881,121.560596,39.190055,PICKUP,1583207238.765449
105514250,1,2100076198698321041,121.690026,39.132367,PICKUP,1583207779.897931
116872833,3,2100076218260915914,121.648415,39.252937,PICKUP,1583217122.760930
106205842,1,2100076182428288496,121.403043,39.052801,DELIVERY,1583199694.573937
106205842,3,2100076209000089072,121.403026,39.052782,DELIVERY,1583212029.166017
106205842,5,2100076227146483184,121.407491,39.050287,DELIVERY,1583225758.443900
106205842,7,2100076249135318512,121.403138,39.052726,DELIVERY,1583237091.365068
118200593,1,2100076204198168410,121.524237,39.151116,PICKUP,1583208723.344857
123307425,1,2100076212686030835,121.658326,39.027134,DELIVERY,1583212732.453408
114674785,1,2100076201881699539,121.695756,39.137570,DELIVERY,1583209694.845464
124001625,1,2100076196811146266,121.535138,39.260182,PICKUP,1583207381.846617
124001625,5,2100076248072455796,121.528046,39.247132,PICKUP,1583233361.157831
120270738,1,2100076204811978208,121.608185,39.133198,PICKUP,1583209063.777071
10282135,1,2100076203557586270,121.451774,39.175489,DELIVERY,1583209091.722395
103041650,1,2100076200075494647,121.562398,39.151393,PICKUP,1583208082.067088
10413087,1,2100076193939720101,121.752869,39.123512,PICKUP,1583206504.925345
112996714,1,2100076199703840217,121.373120,39.142216,DELIVERY,1583208534.502622
112996714,3,2100076228358407937,121.376828,39.146764,DELIVERY,1583224667.267035
112996714,5,2100076237355320416,121.377061,39.146811,PICKUP,1583229786.654402
114779105,1,2100076233958295114,121.443896,39.214722,PICKUP,1583227770.437254
117024145,1,2100076202708305886,121.488344,39.068466,PICKUP,1583208300.224622
117024145,7,2100076244080461559,121.477296,39.071540,PICKUP,1583234682.369410
118797393,1,2100076210027759248,121.458931,39.140923,PICKUP,1583211402.925400
123511401,1,2100076195963438341,121.541078,39.064032,PICKUP,1583206299.664922
10760325,1,2100076199416169519,121.541544,39.059741,PICKUP,1583208303.175951
10491749,1,2100076190585620437,121.486100,39.318705,DELIVERY,1583206488.245591
124682649,3,2100076242850121167,121.550043,39.244325,PICKUP,1583231139.322257
106359962,1,2100076182354462112,121.385322,39.250487,PICKUP,1583206644.548846
106359962,3,2100076234701997792,121.426528,39.246832,PICKUP,1583228166.892931
115755785,1,2100076205269288543,121.428665,39.204392,PICKUP,1583209308.345256
117025081,5,2100076242732582175,121.450399,39.093118,PICKUP,1583230864.176234
118760649,5,2100076232040908705,121.487549,39.122138,DELIVERY,1583226976.862292
106973146,3,2100076189610771773,121.614913,39.134826,PICKUP,1583205306.825250
125775258,1,2100076217631573478,121.475679,39.166752,DELIVERY,1583216440.997078
125775258,3,2100076245558101159,121.486268,39.149633,PICKUP,1583233677.212184
10219599,3,2100076217002919632,121.590896,39.111499,DELIVERY,1583216347.210379
10219599,5,2100076234378708737,121.591121,39.111300,DELIVERY,1583228412.542491
119543617,1,2100076218289391054,121.472278,39.114172,PICKUP,1583216197.714314
110997610,1,2100076222339745528,121.601705,39.137217,PICKUP,1583222675.232244
118803113,1,2100076205734462772,121.573972,39.137448,DELIVERY,1583210976.399266
107130514,1,2100076213371995262,121.223957,39.129532,PICKUP,1583213305.950115
107130514,3,2100076224485558055,121.223676,39.129296,PICKUP,1583221002.963288
10294613,1,2100076196331456339,121.430248,39.196861,PICKUP,1583207511.457511
120549513,1,2100076203492149033,121.433468,38.896518,DELIVERY,1583209133.310093
120549513,3,2100076227659007330,121.433855,38.903375,PICKUP,1583222723.525413
118800217,1,2100076210291508794,121.541185,39.250265,PICKUP,1583211082.571226
102928218,1,2100076197912053258,121.554097,39.140221,PICKUP,1583207488.006714
125102201,1,2100076185937479625,121.366787,39.147750,PICKUP,1583212295.323936
117208745,1,2100076205331220185,121.756195,39.110535,PICKUP,1583209654.715967
117208745,3,2100076250956989925,121.756938,39.104983,PICKUP,1583235242.305794
118795769,1,2100076183795565809,121.560999,39.189498,PICKUP,1583201894.909156
10081729,1,2100076242516215395,121.532790,39.141152,PICKUP,1583230916.755837
103006362,1,2100076196185277711,121.500571,39.170526,PICKUP,1583206682.610014
118066377,1,2100076220394538278,121.740342,39.125796,PICKUP,1583218886.898558
10194640,1,2100076194797945900,121.428709,39.196509,PICKUP,1583206429.152271
10194640,11,2100076255699731898,121.428282,39.196395,PICKUP,1583241094.867377
10572923,1,2100076205766543226,121.526882,39.128798,PICKUP,1583209301.962780
113736177,1,2100076205695862038,121.583641,39.151957,PICKUP,1583208598.615239
10711258,1,2100076203224794176,121.574594,39.161153,PICKUP,1583210239.577761
118456833,1,2100076210678630243,121.545871,39.141965,PICKUP,1583210916.123546
119749201,1,2100076188689434086,121.476715,39.117448,DELIVERY,1583205588.051670
106277138,1,2100076208558999470,121.597094,39.201329,PICKUP,1583210797.130935
102837378,5,2100076211677759194,121.451405,39.150518,PICKUP,1583211069.328674
10663375,1,2100076198582649976,121.388482,39.374162,DELIVERY,1583208576.099290
116933745,1,2100076238006519006,121.372123,39.112602,PICKUP,1583229391.735728
118673761,3,2100076208931767634,121.778689,39.093665,PICKUP,1583211403.774786
118673761,7,2100076241737679890,121.779714,39.093860,PICKUP,1583230186.622676
123510313,1,2100076199639877311,121.751427,39.546408,DELIVERY,1583208075.181992
117021681,3,2100076241152214375,121.389885,39.246709,PICKUP,1583230819.360571
101180274,1,2100076197923652707,121.403123,39.083834,PICKUP,1583206832.812000
123679329,1,2100076239117387597,121.572085,39.146149,PICKUP,1583229617.124305
117451033,1,2100076187282932903,121.471868,39.105890,PICKUP,1583203408.056002
123810001,1,2100076208387589440,121.552113,39.286400,PICKUP,1583209674.476080
117074225,3,2100076214883092383,121.663701,39.168670,PICKUP,1583212882.406530
118322641,1,2100076205919733756,121.442361,38.909254,DELIVERY,1583209356.929551
119594593,1,2100076176787965534,121.425585,39.099989,PICKUP,1583207697.779521
119594593,3,2100076234341713403,121.454229,39.106165,PICKUP,1583228981.274513
111618922,1,2100076182747383122,121.533313,39.171850,PICKUP,1583202335.653401
111618922,3,2100076201184789514,121.482064,39.170274,PICKUP,1583208539.207939
111618922,7,2100076244639811520,121.493543,39.189594,PICKUP,1583233635.644866
10793094,1,2100076203654907206,121.696749,39.146344,PICKUP,1583209719.244301
10793094,7,2100076230913590286,121.701107,39.146319,PICKUP,1583226789.174106
10545647,1,2100076218701645658,121.418798,39.260832,PICKUP,1583217010.666218
10545647,3,2100076235438851109,121.418902,39.260762,PICKUP,1583228703.902285
101009538,1,2100076203509318900,121.804963,39.139631,PICKUP,1583208704.056070
101009538,3,2100076218680313115,121.800574,39.142310,PICKUP,1583216694.556869
101009538,5,2100076227419637477,121.801617,39.139566,PICKUP,1583224161.847746
101009538,7,2100076243224364621,121.767182,39.161244,PICKUP,1583231555.838512
112597122,1,2100076206444316358,121.619039,39.133970,PICKUP,1583210201.463006
112597122,3,2100076240596337751,121.617372,39.134018,PICKUP,1583230326.458540
112597122,5,2100076249891374850,121.621626,39.141103,PICKUP,1583236464.475467
114323969,3,2100076237128041942,121.528002,39.277386,PICKUP,1583230418.598467
10344320,3,2100076233041413565,121.484569,39.164495,DELIVERY,1583227424.194515
116795681,1,2100076204928861659,121.467161,39.158532,DELIVERY,1583209936.196515
10787521,1,2100076242816796190,121.457908,39.296018,PICKUP,1583231545.210368
10787521,3,2100076255783191801,121.472316,39.291694,DELIVERY,1583242283.292771
123735529,1,2100076200472315695,121.590006,39.198182,PICKUP,1583208384.847749
10826864,1,2100076201566602929,121.443698,39.210636,DELIVERY,1583209321.043493
10312874,1,2100076203237213236,121.484855,39.164513,PICKUP,1583209241.809049
10313234,1,2100076193206830672,121.521209,39.186442,PICKUP,1583206743.195940
118308465,1,2100076194563130598,121.527886,39.058289,DELIVERY,1583207460.392359
10330725,3,2100076243691898729,121.452690,39.300903,PICKUP,1583232965.745692
10712195,1,2100076202969761164,121.531475,39.179257,PICKUP,1583209028.366407
102688330,1,2100076240180741762,121.443754,39.207593,PICKUP,1583231027.948343
102895674,1,2100076193200146003,121.450587,39.210797,PICKUP,1583206214.132728
118800777,5,2100076252704310315,121.480163,39.184815,PICKUP,1583237518.562704
105676642,1,2100076184007902547,121.689556,39.282496,PICKUP,1583203475.814863
105676642,3,2100076214454421192,121.688502,39.282276,PICKUP,1583214635.781276
105676642,5,2100076247440262662,121.698648,39.278666,PICKUP,1583233326.933863
105676642,7,2100076254963500273,121.689632,39.282401,PICKUP,1583239494.806912
10619850,1,2100076206301283482,121.441073,39.003867,PICKUP,1583210635.418149
118781361,3,2100076235946493069,121.469704,39.298385,PICKUP,1583228233.789259
118781361,5,2100076250132711303,121.466965,39.286633,PICKUP,1583235425.140414
119149921,1,2100076208682436288,121.619102,39.205390,DELIVERY,1583212496.863967
115861121,1,2100076203798791204,121.410782,39.107300,PICKUP,1583208372.975632
121163233,3,2100076248288331316,121.350757,39.063116,PICKUP,1583233453.052253
10335674,1,2100076202652763442,121.543192,39.079103,PICKUP,1583209872.547377
10335674,3,2100076225331234607,121.537477,39.071155,PICKUP,1583222966.717732
10335674,5,2100076240095347945,121.575972,39.075904,PICKUP,1583229628.400969
117916001,3,2100076217595332471,121.414642,39.192474,DELIVERY,1583216800.515807
117916001,7,2100076239218902558,121.408341,39.189435,DELIVERY,1583231266.333673
103155394,3,2100076201765308387,121.463581,39.242087,PICKUP,1583207826.985450
113782457,1,2100076222960665646,121.428966,39.283494,DELIVERY,1583222017.283177
10803665,1,2100076207387641342,121.478717,39.143105,DELIVERY,1583210193.842987
102449370,1,2100076201747219965,121.642108,39.229957,PICKUP,1583208889.990849
102449370,3,2100076241172431967,121.665338,39.227904,DELIVERY,1583231878.229694
117052073,1,2100076187590952895,121.439376,39.100164,PICKUP,1583206684.998546
10788532,1,2100076202149381299,121.752937,39.335015,PICKUP,1583208406.906561
123948441,1,2100076219874707202,121.541649,39.063946,PICKUP,1583218294.766521
10063192,1,2100076200922318629,121.495223,39.063485,PICKUP,1583208957.686794
118970329,1,2100076240947742337,122.237594,39.372269,PICKUP,1583230064.061051
10102738,1,2100076206028457841,121.224189,39.118426,PICKUP,1583208873.197362
10102738,3,2100076246311732981,121.223437,39.129054,PICKUP,1583233911.483293
10566682,1,2100076202768467022,121.456642,39.194520,PICKUP,1583208227.457250
111811122,1,2100076242036819354,121.604186,39.189139,DELIVERY,1583232218.730443
10404691,1,2100076191446271887,121.435922,39.183246,PICKUP,1583205265.368163
10642060,3,2100076219269416827,121.528297,39.141110,PICKUP,1583217140.955092
10642060,5,2100076233409791652,121.521183,39.156184,PICKUP,1583227440.268214
118770561,1,2100076206663959943,121.447761,39.291280,DELIVERY,1583211968.677311
101915922,1,2100076193513539194,121.689599,39.282330,PICKUP,1583206556.517688
101915922,5,2100076245427979505,121.702926,39.279510,DELIVERY,1583234245.209367
102064138,1,2100076180373014396,121.446893,39.210345,DELIVERY,1583198374.792564
102064138,3,2100076207839511598,121.460087,39.204807,PICKUP,1583209882.426421
120171578,1,2100076201201567150,121.492578,39.203683,PICKUP,1583208266.166526
117008849,1,2100076198013339330,121.461643,39.098347,PICKUP,1583206944.038183
117008849,7,2100076235543283600,121.439679,39.100355,DELIVERY,1583228773.315532
10687789,1,2100076187767637476,121.746080,39.532571,PICKUP,1583203933.191089
124753497,3,2100076243494242182,121.424957,39.247179,PICKUP,1583231868.003258
10648133,3,2100076237603374580,121.582191,39.228809,PICKUP,1583229809.301070
117069353,1,2100076195880862962,121.660575,39.168547,PICKUP,1583206882.281099
10649045,1,2100076206662190845,121.580523,39.117857,DELIVERY,1583210141.148950
107672506,1,2100076196201727695,121.534494,39.083226,DELIVERY,1583206890.022298
118795745,3,2100076226484831719,121.487390,39.140353,PICKUP,1583223331.669539
118795745,5,2100076237093734238,121.493484,39.142732,PICKUP,1583230787.548180
103040946,1,2100076193702937767,121.487658,39.160223,PICKUP,1583207043.408893
118816345,1,2100076211697091995,121.569102,39.174722,PICKUP,1583211815.352059
118816345,3,2100076235048683207,121.557431,39.182538,PICKUP,1583228580.545286
116446601,1,2100076203314579296,121.526973,39.262966,PICKUP,1583209186.499566
116446601,3,2100076242925520823,121.525629,39.264827,PICKUP,1583232294.722112
101419538,1,2100076231133464055,121.617453,39.133774,PICKUP,1583226393.101175
109539178,1,2100076193087456769,121.520854,39.174937,PICKUP,1583207592.811260
10515102,3,2100076249566021600,121.522097,39.132709,PICKUP,1583236064.655357
10815609,3,2100076203120002897,121.413042,39.202118,PICKUP,1583209053.141472
10804247,3,2100076202413688076,121.240733,38.941059,DELIVERY,1583208947.029653
118665761,1,2100076194988229762,121.767092,39.105181,PICKUP,1583206276.081190
118804241,1,2100076202191489001,121.476989,39.105622,PICKUP,1583208665.487103
118475913,1,2100076185665668823,121.522321,39.216047,DELIVERY,1583203941.341156
118475913,3,2100076202639787261,121.520823,39.206499,PICKUP,1583209082.848032
118475913,5,2100076240645392094,121.522593,39.210163,PICKUP,1583230794.750170
103384498,3,2100076206370162313,121.394059,39.164596,PICKUP,1583209533.829677
103384498,5,2100076226566882576,121.405222,39.175932,DELIVERY,1583224166.162232
10429491,1,2100076196316120106,121.630934,39.142142,DELIVERY,1583208438.083720
118823393,1,2100076201378251951,121.450561,39.143370,PICKUP,1583208118.831282
10770945,3,2100076245984085042,121.428400,39.196233,PICKUP,1583233839.130942
100076651,1,2100076237209470725,121.408317,39.190887,PICKUP,1583229695.750828
115619153,1,2100076207682422582,121.390837,39.095885,PICKUP,1583210160.391796
115619153,3,2100076236843746479,121.430800,39.105816,PICKUP,1583229786.891457
117065769,1,2100076202303227542,121.604765,39.141164,PICKUP,1583209024.993508
117065769,5,2100076249438423024,121.579140,39.125466,PICKUP,1583234748.998142
10665583,1,2100076188099610601,121.452320,39.209361,DELIVERY,1583206117.564067
10665583,5,2100076242918966421,121.454121,39.210835,PICKUP,1583231375.071857
10303432,1,2100076210585798059,121.433372,39.184167,PICKUP,1583212071.021609
114595465,1,2100076209781311089,121.553551,39.177551,PICKUP,1583210997.824547
102358466,3,2100076218067977986,121.548144,39.076340,PICKUP,1583218036.631957
102358466,5,2100076240789047281,121.540520,39.063419,PICKUP,1583229724.143224
122161113,1,2100076216724718718,121.483625,39.064995,DELIVERY,1583216540.094558
108136778,1,2100076197638735816,121.481431,39.154453,PICKUP,1583207261.858028
118266025,1,2100076203937727702,121.685026,39.104411,PICKUP,1583208470.064929
10443328,3,2100076227953198450,121.602615,39.201793,PICKUP,1583224516.630773
10443328,5,2100076248389157938,121.602364,39.201857,PICKUP,1583233577.664297
121658489,1,2100076203868096215,121.550255,39.212925,PICKUP,1583208334.942133
118006553,3,2100076207241725308,121.426609,38.905907,PICKUP,1583211316.969971
118916329,3,2100076234758129356,122.231870,39.360055,PICKUP,1583228751.355068
116274473,1,2100076239859975915,121.414427,39.133428,PICKUP,1583229775.940430
103502002,1,2100076199065453678,121.445819,38.949582,PICKUP,1583207621.590832
103502002,5,2100076234730702460,121.441959,38.949708,PICKUP,1583228975.425634
118785289,1,2100076204661311371,121.478714,39.186395,PICKUP,1583210949.342779
118785289,3,2100076246708257937,121.456022,39.175589,PICKUP,1583233196.052012
112480378,1,2100076176608888576,121.494616,39.198319,PICKUP,1583201114.015521
112480378,3,2100076218648364800,121.494599,39.198336,PICKUP,1583218163.528169
112480378,5,2100076233237464308,121.519348,39.195048,PICKUP,1583227121.540933
10711180,1,2100076190508615096,121.522363,39.291984,PICKUP,1583205556.553129
10711180,5,2100076237304759662,121.529354,39.288613,PICKUP,1583229800.109322
117009049,1,2100076212413662558,121.490177,39.219449,PICKUP,1583212780.873132
117009049,3,2100076220611757633,121.490252,39.219860,PICKUP,1583218933.028893
112022106,1,2100076198097454302,121.558711,39.140114,PICKUP,1583207608.736528
114251905,1,2100076191928452617,121.374495,39.303958,PICKUP,1583204690.070301
10321101,1,2100076188549449662,121.708774,39.264872,PICKUP,1583205470.616981
101266154,1,2100076229658215590,121.378149,39.122936,DELIVERY,1583225248.244704
101266154,3,2100076248848074165,121.365777,39.135563,PICKUP,1583234901.499644
100006950,3,2100076249943017325,121.410988,39.042971,PICKUP,1583234957.818464
118808889,1,2100076210619778276,121.552361,39.269059,PICKUP,1583212062.931117
117160881,1,2100076182534325621,121.546854,39.083451,PICKUP,1583198890.657773
117160881,5,2100076218013943361,121.545150,39.083821,DELIVERY,1583217286.441082
10075573,1,2100076199464830523,121.562471,39.133214,PICKUP,1583208730.228183
10401287,1,2100076210028906490,121.574567,39.100238,PICKUP,1583211570.403178
10401287,7,2100076248640686074,121.575270,39.103651,PICKUP,1583233630.875387
10416907,1,2100076212340688526,121.449525,39.283423,PICKUP,1583212522.000799
10659627,1,2100076199579878712,121.563831,39.177879,PICKUP,1583207583.389116
113601193,3,2100076204666259068,121.423816,39.196510,PICKUP,1583212330.318370
120991385,1,2100076200688649220,121.428644,38.970886,PICKUP,1583208812.014567
100002652,1,2100076209325639523,121.570062,39.132088,PICKUP,1583210459.244616
100002652,5,2100076241443226768,121.563580,39.154567,DELIVERY,1583230723.553350
10763831,3,2100076242681562498,121.647874,39.182548,DELIVERY,1583232200.448737
118792033,3,2100076215868589944,121.539352,39.288714,DELIVERY,1583213931.514197
10304094,1,2100076197148886361,121.501664,39.180983,PICKUP,1583206911.831730
10304094,3,2100076230795659119,121.505317,39.189318,PICKUP,1583226565.587094
117067361,3,2100076223559533762,121.680551,39.174704,PICKUP,1583220489.299835
102106834,1,2100076195509437579,121.536530,39.180178,PICKUP,1583207132.785433
10094682,1,2100076204082005166,121.543890,39.151358,PICKUP,1583208409.353276
123763529,1,2100076206903199732,121.566878,39.177535,PICKUP,1583210484.028728
10803667,1,2100076208079602829,121.488203,39.111340,PICKUP,1583210006.319030
10826871,3,2100076229855347962,121.537321,39.204681,DELIVERY,1583225788.873361
123459073,1,2100076211703120912,121.563742,39.140706,PICKUP,1583211438.316786
118322689,1,2100076198075892790,121.427614,38.887783,PICKUP,1583207616.299790
10449032,1,2100076195414115865,121.552270,39.142339,PICKUP,1583206973.429846
118427817,1,2100076191880316440,121.546517,39.207945,DELIVERY,1583207487.615206
10537433,1,2100076199020169084,122.224830,39.363243,PICKUP,1583207467.262610
118800849,1,2100076199048873696,121.472645,39.138922,PICKUP,1583208243.036910
118800849,3,2100076216368203239,121.468144,39.131518,PICKUP,1583215820.207449
118800849,5,2100076231136085260,121.476593,39.124592,PICKUP,1583226448.236417
10784899,1,2100076196563093492,121.544797,39.177218,DELIVERY,1583207462.537438
10784899,5,2100076234247046591,121.557388,39.178786,DELIVERY,1583227543.967131
10784899,9,2100076257179436316,121.552270,39.179264,DELIVERY,1583240367.319400
10322363,1,2100076196888086224,121.558904,39.174345,PICKUP,1583208186.118106
10322363,3,2100076223148328609,121.557310,39.178823,PICKUP,1583220646.066825
10322363,5,2100076232781497799,121.557351,39.178804,PICKUP,1583227607.572452
121788009,1,2100076198183175938,121.529354,39.063574,PICKUP,1583208964.145327
112040778,1,2100076239859615595,121.495012,39.279446,PICKUP,1583230580.493046
10138087,1,2100076188495841165,121.428567,39.196725,PICKUP,1583206089.516544
10632815,3,2100076223448286374,121.474285,39.106997,PICKUP,1583219780.069422
10632815,5,2100076241810884470,121.477318,39.089640,PICKUP,1583230795.853791
115867977,1,2100076224221611227,121.467810,39.298343,PICKUP,1583221763.327114
10298963,1,2100076197367514228,121.531923,39.250800,PICKUP,1583206837.053036
10298963,3,2100076232556840339,121.516643,39.251961,PICKUP,1583226403.995791
10037225,1,2100076198646581137,121.548112,39.142678,DELIVERY,1583209080.189718
10469547,5,2100076240363128196,121.590267,39.096307,PICKUP,1583231681.958030
121005753,3,2100076218244859496,121.718300,39.133121,PICKUP,1583215833.619748
10470630,1,2100076199341459067,121.525088,39.291942,PICKUP,1583207382.811615
10470630,5,2100076246238136120,121.549991,39.289083,DELIVERY,1583233795.793217
10289729,1,2100076241835362127,121.454337,39.108720,PICKUP,1583231214.381052
123321857,3,2100076222667851253,121.457221,39.133161,PICKUP,1583220165.750444
123321857,5,2100076241364944460,121.437384,39.125454,DELIVERY,1583232279.473015
10779201,3,2100076244698400688,121.595935,39.210839,DELIVERY,1583232724.972037
116737865,1,2100076183930537951,121.541520,39.064147,PICKUP,1583202309.414664
116737865,3,2100076210457478258,121.579202,39.052142,PICKUP,1583211574.474377
