courier_id,wave_index,tracking_id,courier_wave_start_lng,courier_wave_start_lat,action_type,expect_time
10275436,0,2100076446416602969,121.428117,39.153876,PICKUP,1583455210.888451
124612641,0,2100076459954931657,121.570969,39.134931,DELIVERY,1583465591.388528
124612641,2,2100076490036872769,121.571009,39.135093,PICKUP,1583475586.530007
124612641,4,2100076511568234481,121.570996,39.135151,PICKUP,1583489188.407015
10671986,0,2100076449814447873,121.377246,39.146579,PICKUP,1583458336.179574
10671986,2,2100076470561343246,121.355117,39.147276,PICKUP,1583467296.880901
10545647,0,2100076457703638521,121.418752,39.260857,PICKUP,1583463646.797889
117779017,0,2100076456462910937,121.366330,39.125474,PICKUP,1583464214.459651
117779017,2,2100076497437198292,121.340246,39.119696,PICKUP,1583480694.106548
113980657,0,2100076472286578591,121.627526,39.164762,PICKUP,1583469001.008286
10415210,0,2100076459215094883,121.531279,39.116647,DELIVERY,1583465813.019235
109767250,0,2100076458097018641,121.527694,39.069423,PICKUP,1583465669.552712
102106834,0,2100076477549937848,121.533029,39.187066,PICKUP,1583469244.974844
102106834,4,2100076503845405863,121.499446,39.168731,PICKUP,1583485199.232020
10319201,0,2100076454755403532,121.759157,39.105568,DELIVERY,1583463587.738106
10319201,2,2100076483597272549,121.760825,39.111337,PICKUP,1583471118.915033
122775745,0,2100076477386491702,121.942758,39.596319,PICKUP,1583470287.452050
102505130,0,2100076443903264016,121.528260,39.258367,PICKUP,1583455378.932488
102505130,2,2100076453091411935,121.535424,39.255122,PICKUP,1583462152.619194
102505130,4,2100076473289705272,121.523424,39.243652,DELIVERY,1583468589.070418
102505130,6,2100076496438658608,121.550039,39.247007,PICKUP,1583480772.769983
118805233,0,2100076449609549560,121.601543,39.137397,PICKUP,1583460412.768499
10681905,0,2100076461743932509,121.561532,39.139936,DELIVERY,1583466177.294950
118798041,2,2100076452996482910,121.486840,39.140376,PICKUP,1583464648.300300
118798041,4,2100076493184828897,121.482253,39.142372,PICKUP,1583477269.702342
118798041,6,2100076510268360565,121.466074,39.141260,DELIVERY,1583488612.682536
10232969,0,2100076471786801083,121.481673,39.119312,PICKUP,1583467843.241559
10232969,4,2100076517241979994,121.465581,39.123070,PICKUP,1583490956.875794
118802473,2,2100076480796853977,121.525391,39.278738,PICKUP,1583471148.640488
118802473,8,2100076529336845660,121.524630,39.272480,PICKUP,1583497752.180372
10726147,2,2100076500624213496,121.474088,39.133886,PICKUP,1583481797.299130
10726147,4,2100076509669361056,121.485712,39.120966,PICKUP,1583487484.166326
10726147,6,2100076522218424318,121.456673,39.131822,DELIVERY,1583494018.259896
123948441,0,2100076411691828338,121.554601,39.051549,DELIVERY,1583458984.215084
10271563,2,2100076489500034821,121.499851,39.073600,DELIVERY,1583475227.364530
117451033,2,2100076499726927147,121.466843,39.094981,PICKUP,1583482023.171833
117451033,4,2100076513526449651,121.454965,39.095866,PICKUP,1583489909.432612
10386183,0,2100076444627208174,121.489746,39.154121,PICKUP,1583457482.773933
113067034,2,2100076460235949291,121.712611,39.143192,PICKUP,1583465569.970636
113067034,4,2100076482113373639,121.712609,39.143121,PICKUP,1583471134.975381
113067034,6,2100076488116274390,121.712602,39.143105,PICKUP,1583474674.781415
10720158,0,2100076465104258827,121.422938,39.154713,PICKUP,1583466316.048656
10720158,6,2100076523865835275,121.425343,39.160000,PICKUP,1583492786.931861
116479041,0,2100076456999650347,121.465389,39.159200,PICKUP,1583464897.342088
103530058,0,2100076464219588498,121.478294,39.069912,PICKUP,1583466271.147799
103530058,2,2100076506651920370,121.478207,39.074263,PICKUP,1583488710.555868
118778673,0,2100076448762463943,121.557702,39.183373,PICKUP,1583460640.859996
118778673,2,2100076474600555900,121.570748,39.180473,PICKUP,1583468378.844285
112607178,0,2100076468756382930,121.769834,39.352753,PICKUP,1583467439.404989
117010761,2,2100076525829817641,121.622646,39.065965,PICKUP,1583495681.134021
10476665,0,2100076444037875381,121.748569,39.100148,PICKUP,1583454547.823253
102449370,2,2100076483043526565,121.669427,39.228651,PICKUP,1583471480.434101
118427817,2,2100076476729951370,121.537469,39.201381,PICKUP,1583468897.980590
119149737,0,2100076452398663023,121.097638,38.912262,PICKUP,1583463369.649926
10748334,0,2100076459812390764,121.721892,39.349636,PICKUP,1583465764.547208
107130514,0,2100076464498214695,121.223604,39.129277,PICKUP,1583465921.489385
105676642,0,2100076449002260168,121.685677,39.298459,PICKUP,1583459611.153116
10642055,0,2100076459545822591,121.544862,39.135035,DELIVERY,1583465592.855304
106205842,0,2100076443517879792,121.403006,39.052828,DELIVERY,1583454674.601616
106205842,2,2100076471858398704,121.403045,39.052742,DELIVERY,1583470240.203249
106205842,4,2100076495951791600,121.403023,39.052831,DELIVERY,1583483244.584814
106205842,6,2100076527179859440,121.403053,39.052778,DELIVERY,1583494605.992145
104838370,0,2100076452229907942,121.483750,39.165334,PICKUP,1583461880.750681
104838370,2,2100076462872822884,121.485441,39.164172,PICKUP,1583466232.916592
104838370,4,2100076477499082214,121.484480,39.165148,PICKUP,1583468729.883226
104838370,6,2100076494480672230,121.483911,39.164825,PICKUP,1583477828.613972
114244561,0,2100076447070619639,121.386484,39.304917,PICKUP,1583459013.505209
106881682,0,2100076463928641249,121.436470,39.256701,PICKUP,1583467515.750784
10783757,0,2100076450377991630,121.360106,39.097094,PICKUP,1583461530.590173
10783757,2,2100076492545852878,121.368113,39.107421,DELIVERY,1583478291.456182
10783757,4,2100076505073256252,121.368340,39.107327,PICKUP,1583485629.772140
10783757,6,2100076522061464761,121.389280,39.098212,PICKUP,1583491748.772007
10135747,0,2100076445890151890,121.516446,39.164810,PICKUP,1583461819.001762
10359074,0,2100076492485985323,121.453324,38.981024,DELIVERY,1583478896.393802
117052073,0,2100076441585452638,121.439383,39.100204,PICKUP,1583460719.432467
117052073,2,2100076471109092354,121.442037,39.114104,DELIVERY,1583467470.208997
10126649,0,2100076445699409334,121.687397,39.140798,DELIVERY,1583456194.726233
10126649,2,2100076463024309686,121.687421,39.140811,DELIVERY,1583466555.299297
10126649,4,2100076487789315510,121.687729,39.140773,PICKUP,1583474880.512699
10126649,6,2100076504761697718,121.687463,39.140852,PICKUP,1583486405.636870
113152290,2,2100076469457224886,121.481623,39.119760,PICKUP,1583467795.580994
10443328,0,2100076487613712368,121.602530,39.203358,PICKUP,1583472935.651271
111254906,0,2100076470105638722,121.442459,39.099989,DELIVERY,1583468366.443110
10626566,0,2100076454553323473,121.450628,39.210079,DELIVERY,1583465989.529557
10215664,0,2100076463811299281,121.428313,39.214860,DELIVERY,1583467553.712206
114674785,2,2100076472059921565,121.712788,39.142834,PICKUP,1583468525.103610
10063192,0,2100076459225974399,121.483809,39.067210,PICKUP,1583465595.079938
10063192,4,2100076525905740926,121.484325,39.065894,DELIVERY,1583494387.062638
10770945,0,2100076460804178988,121.418977,39.198984,PICKUP,1583465414.886554
10770945,2,2100076478161126552,121.422096,39.195303,DELIVERY,1583470131.732848
116034321,0,2100076453039998655,121.574623,39.099333,PICKUP,1583463781.570235
116034321,2,2100076476919252980,121.585390,39.086552,PICKUP,1583469063.500642
116034321,4,2100076491064215231,121.569342,39.097982,DELIVERY,1583478393.140108
117055625,0,2100076446294508955,121.499897,39.078461,PICKUP,1583454105.147799
117055625,6,2100076520389543351,121.513529,39.070612,DELIVERY,1583493152.293696
117672601,0,2100076452529178085,121.754197,39.110459,DELIVERY,1583462184.198113
117672601,4,2100076493733365127,121.755733,39.110459,PICKUP,1583477278.647885
116737865,0,2100076442723977183,121.560187,39.060814,DELIVERY,1583458474.123616
116737865,2,2100076471129310374,121.580276,39.052603,DELIVERY,1583468853.879403
116737865,4,2100076493075580523,121.550003,39.070501,PICKUP,1583477095.538382
116737865,6,2100076508277146885,121.552140,39.064626,PICKUP,1583486738.278096
10329228,0,2100076470142469620,121.560389,39.189902,PICKUP,1583467395.454606
102895674,2,2100076466698454405,121.446523,39.204387,PICKUP,1583466099.350800
117160881,2,2100076495386084680,121.536570,39.083693,PICKUP,1583478628.134682
117160881,4,2100076508872344995,121.534454,39.084862,PICKUP,1583488041.472750
118796473,0,2100076462371407252,121.422957,39.151626,PICKUP,1583465672.128429
10667763,0,2100076458112812813,121.466564,39.095056,PICKUP,1583465095.770452
10667763,2,2100076517990336096,121.465501,39.095248,DELIVERY,1583491562.501228
118809849,4,2100076521357968479,121.546046,39.151693,DELIVERY,1583492807.329617
121629529,2,2100076494916289976,121.575964,39.106625,DELIVERY,1583478684.567159
118322689,2,2100076491596924152,121.436087,38.905826,PICKUP,1583476358.527141
10728396,2,2100076465229923983,121.761462,39.347138,PICKUP,1583465368.320441
106277138,0,2100076470339568957,121.612169,39.189146,PICKUP,1583468417.606791
118805049,0,2100076451876439463,121.476659,39.118533,PICKUP,1583464112.102319
118805049,4,2100076518502728961,121.457010,39.143872,PICKUP,1583493833.663733
120119785,0,2100076434421647009,121.557421,39.178732,PICKUP,1583459990.831702
10703085,0,2100076471710221416,121.462352,39.233029,PICKUP,1583467450.913979
10604965,0,2100076471656056039,121.406487,39.365220,PICKUP,1583467663.134466
102039482,0,2100076468781975155,121.576503,39.151467,PICKUP,1583467225.638826
121187857,2,2100076488874624725,121.503284,39.198407,PICKUP,1583474734.200348
121187857,4,2100076506900039381,121.503231,39.198216,PICKUP,1583486424.294027
10161032,0,2100076452364780670,121.223646,39.129214,DELIVERY,1583464394.990704
10671039,0,2100076447052105340,121.418848,39.199374,PICKUP,1583460267.446871
118771169,0,2100076482165867676,121.471180,39.299859,PICKUP,1583471251.437967
117010921,0,2100076471279715771,121.439291,39.100155,PICKUP,1583467577.560066
117010921,2,2100076511942379446,121.461745,39.088708,PICKUP,1583488920.967254
10053442,2,2100076483677030027,121.465239,39.263913,PICKUP,1583472421.032294
103636594,0,2100076463222163050,121.443802,39.269077,DELIVERY,1583466799.143778
109696338,0,2100076469627422160,121.547153,39.139653,PICKUP,1583466404.048002
10381846,2,2100076467304761130,121.224812,39.126162,PICKUP,1583467171.788569
106503746,0,2100076463238940052,121.391832,39.164227,PICKUP,1583467287.632715
106359962,0,2100076445068560096,121.422739,39.253674,PICKUP,1583455429.112420
110943594,0,2100076459512202777,121.552739,39.134109,DELIVERY,1583466019.426739
110943594,2,2100076515062416568,121.552292,39.133938,PICKUP,1583490255.985319
10416024,2,2100076457230698057,121.465740,39.216995,PICKUP,1583465040.637915
118792841,0,2100076436182664919,121.520968,39.220439,PICKUP,1583466902.972167
118792841,2,2100076505926665950,121.519212,39.223252,PICKUP,1583486119.598517
116581473,0,2100076467585975523,121.435219,38.848380,PICKUP,1583467068.109228
116581473,2,2100076510840849635,121.434766,38.848872,DELIVERY,1583487567.950902
124267545,0,2100076453135222747,121.499513,39.061259,DELIVERY,1583462753.422143
117110985,0,2100076456340064114,121.492384,39.194740,DELIVERY,1583465729.909532
10656566,2,2100076480690193484,121.483150,39.251649,DELIVERY,1583469756.878691
111356426,0,2100076452101818019,121.766968,39.131856,PICKUP,1583466185.399442
111356426,2,2100076512109134992,121.766958,39.131760,PICKUP,1583488883.680607
118877049,0,2100076459163453307,121.520160,39.223114,DELIVERY,1583465618.434166
118877049,2,2100076479952356688,121.518440,39.222790,PICKUP,1583471143.159692
118877049,6,2100076509755836260,121.520918,39.212622,PICKUP,1583488342.866759
125552498,0,2100076470239036870,121.620714,39.134894,DELIVERY,1583467286.856503
124928417,0,2100076447656904377,121.537202,39.084231,PICKUP,1583462097.181902
124928417,2,2100076506757793518,121.519509,39.078074,PICKUP,1583487718.101650
113147922,0,2100076459399906488,121.598779,39.126398,PICKUP,1583467363.560700
10696204,0,2100076462477117154,121.530417,39.134670,PICKUP,1583465600.557358
10711180,0,2100076448993412965,121.530119,39.288841,DELIVERY,1583462196.171540
118789345,2,2100076468028376663,121.548046,39.194566,PICKUP,1583468305.202858
118789345,4,2100076512140428450,121.554734,39.192572,PICKUP,1583488810.089282
117024545,0,2100076465220224047,121.425469,39.248458,PICKUP,1583465752.588097
114707833,0,2100076491690083718,121.574637,39.129858,PICKUP,1583476613.630822
10748345,0,2100076466094802659,121.477787,39.089786,PICKUP,1583466490.899628
10748345,4,2100076502975383027,121.466817,39.094977,PICKUP,1583484192.269555
103679442,4,2100076509064627637,121.484408,39.164537,PICKUP,1583488247.861459
112007530,2,2100076505380553911,121.532945,39.083234,PICKUP,1583486649.537994
112007530,4,2100076526253409297,121.548910,39.083617,PICKUP,1583494662.229008
118673761,0,2100076454788662864,121.774579,39.093196,PICKUP,1583462418.968375
118673761,2,2100076473479529810,121.789854,39.110434,PICKUP,1583468461.376064
118673761,4,2100076491613275333,121.776962,39.091403,PICKUP,1583475971.325511
118673761,6,2100076500845790344,121.779595,39.099258,PICKUP,1583484563.392252
118673761,8,2100076524309611533,121.794155,39.090159,PICKUP,1583493226.882242
10361752,2,2100076467980404700,121.292006,39.143779,PICKUP,1583466885.724249
10361752,4,2100076503943972671,121.311881,39.128760,DELIVERY,1583485199.353453
10671104,0,2100076445235873264,121.402942,39.053023,DELIVERY,1583455047.937424
10671104,2,2100076453716788720,121.403026,39.052934,DELIVERY,1583465806.517306
10671104,4,2100076494807598576,121.403007,39.052774,DELIVERY,1583481295.171924
10671104,6,2100076525399082480,121.403524,39.052527,DELIVERY,1583496432.088839
110958146,0,2100076460860147251,121.592168,39.210640,PICKUP,1583466203.241573
118644385,0,2100076445756556334,122.220480,39.363732,PICKUP,1583456036.691994
118644385,2,2100076472785471357,122.224786,39.361902,PICKUP,1583467127.481654
10038649,0,2100076453027186679,121.357032,39.289857,PICKUP,1583463389.255902
10038649,2,2100076482121270793,121.372759,39.270933,DELIVERY,1583470898.482405
118819641,2,2100076472427578406,121.788444,39.096617,DELIVERY,1583468007.010310
10596763,0,2100076471069148584,121.660522,39.168463,PICKUP,1583467944.869610
10619176,0,2100076451816965562,121.421202,39.192145,PICKUP,1583465193.913299
118805001,0,2100076454743245945,121.383250,39.161584,DELIVERY,1583464102.054824
101266154,0,2100076475851408708,121.377966,39.122952,PICKUP,1583468551.720438
101266154,2,2100076504967644597,121.374347,39.135526,PICKUP,1583484668.667915
117056801,4,2100076503195681873,121.510377,39.073573,PICKUP,1583485484.697928
10804247,6,2100076514535113999,121.252044,38.952973,DELIVERY,1583490294.912532
112044866,0,2100076469345190920,121.800383,39.131718,PICKUP,1583466550.609849
102159722,0,2100076471072785563,121.755603,39.133555,DELIVERY,1583468690.021677
102159722,2,2100076514960082214,121.754283,39.128221,DELIVERY,1583491822.223922
102159722,4,2100076529300146149,121.752871,39.123911,PICKUP,1583496460.767783
110963378,0,2100076447572690552,121.836623,39.165355,DELIVERY,1583458528.468763
110105858,0,2100076459269916386,121.525621,39.127278,PICKUP,1583464848.024282
110105858,2,2100076497789159046,121.526546,39.128422,PICKUP,1583480357.469650
110105858,4,2100076511590450914,121.526038,39.132741,PICKUP,1583488755.960856
115598089,0,2100076457297348468,121.452424,39.127939,PICKUP,1583465551.988616
115598089,4,2100076529191749074,121.455838,39.120443,PICKUP,1583495481.807284
117054417,0,2100076431824880942,121.447414,39.095064,PICKUP,1583457455.628502
117054417,2,2100076460563531273,121.430667,39.100108,PICKUP,1583465325.768752
119899809,0,2100076457082619612,121.959087,39.591253,PICKUP,1583465001.747941
119899809,2,2100076507877574454,121.983948,39.592240,DELIVERY,1583487986.190392
117021681,2,2100076471684891893,121.389885,39.246709,DELIVERY,1583468100.389307
117025081,0,2100076462197016305,121.459727,39.107203,DELIVERY,1583466911.588608
117025081,4,2100076501773321758,121.454337,39.107096,PICKUP,1583483842.792572
117025081,6,2100076525714736266,121.455266,39.085531,PICKUP,1583494297.069356
117074225,0,2100076463515797268,121.669780,39.168775,PICKUP,1583465521.129621
117074225,2,2100076510043015146,121.661414,39.165157,PICKUP,1583488453.770273
10774871,0,2100076458414441516,121.428486,39.196245,PICKUP,1583464512.316581
10724729,0,2100076473523046049,121.433821,39.065665,PICKUP,1583467790.173560
112525786,0,2100076464088515620,121.579880,39.142203,PICKUP,1583467434.443516
118792033,2,2100076481811056419,121.554793,39.261851,DELIVERY,1583472263.274659
118792033,4,2100076505708168727,121.527506,39.277018,PICKUP,1583487511.362200
10312874,0,2100076454633244562,121.484712,39.164423,PICKUP,1583463940.790538
10312874,2,2100076484522378726,121.484420,39.164485,DELIVERY,1583472921.634809
121658489,2,2100076519007388766,121.547546,39.207733,PICKUP,1583491107.411994
118800217,0,2100076463904785866,121.529429,39.254309,PICKUP,1583465496.168573
118800217,6,2100076526435305052,121.539073,39.255164,PICKUP,1583494789.816996
120270738,0,2100076466653005098,121.620962,39.136052,PICKUP,1583466746.689499
10272985,0,2100076452980229273,121.466752,39.096456,DELIVERY,1583463392.689420
10712014,2,2100076473336268438,121.415313,39.158516,PICKUP,1583467989.206241
118787761,0,2100076475363591203,121.528080,39.258564,PICKUP,1583468466.462340
118981753,0,2100076464817833224,121.707815,39.266732,PICKUP,1583465971.122076
10295716,0,2100076461720503892,121.466104,39.206770,PICKUP,1583465497.217523
10295716,2,2100076512284214609,121.446025,39.212144,PICKUP,1583489244.459375
101147106,2,2100076463185004418,121.419449,39.193424,DELIVERY,1583466939.322910
101147106,8,2100076515010380801,121.446479,39.194968,DELIVERY,1583490701.921182
121908329,0,2100076469000897741,121.489656,39.064531,PICKUP,1583467101.294697
110624410,0,2100076463343339410,121.467019,39.075482,PICKUP,1583465862.125604
105233010,0,2100076445217752955,121.530482,39.144677,PICKUP,1583456949.043371
105233010,4,2100076519200327547,121.535332,39.141830,DELIVERY,1583492459.108276
10038661,0,2100076466922162075,121.423953,39.246169,PICKUP,1583466945.699666
10038661,2,2100076486734119947,121.389335,39.246783,PICKUP,1583473886.900793
10038661,4,2100076512541803910,121.425497,39.248794,PICKUP,1583488166.531599
107699026,0,2100076506561873823,121.456274,39.194428,PICKUP,1583486558.195224
107699026,2,2100076532674102856,121.472129,39.199350,PICKUP,1583500360.203022
114783777,2,2100076494110819790,121.370605,39.108665,DELIVERY,1583479257.444427
114783777,4,2100076527214134477,121.369982,39.104464,PICKUP,1583493887.575135
10755989,4,2100076449921205998,121.590394,39.125117,PICKUP,1583462992.789162
113419889,0,2100076458596074906,121.603841,39.189287,PICKUP,1583464013.571718
103135370,0,2100076460041372729,121.413804,39.163485,PICKUP,1583465613.232392
117115569,0,2100076470575105055,121.436151,39.183277,PICKUP,1583467029.220752
10659267,2,2100076515131492124,121.591540,39.214719,PICKUP,1583489327.814721
119071601,0,2100076451167077966,121.530067,39.201591,DELIVERY,1583460478.306648
10319692,0,2100076460799886615,121.314685,39.160476,PICKUP,1583465673.950568
10319692,4,2100076519250953298,121.308929,39.143835,PICKUP,1583491582.006190
123397273,0,2100076461954892859,121.634176,39.141356,PICKUP,1583465984.970503
10272326,0,2100076443816494582,121.506984,39.186936,PICKUP,1583454408.775723
105226074,0,2100076452811113671,121.471587,39.194378,PICKUP,1583461912.379199
105226074,2,2100076502997697881,121.472258,39.199362,PICKUP,1583484858.594234
119594593,0,2100076449166624657,121.439554,39.100194,PICKUP,1583457258.968807
119594593,2,2100076469847426998,121.432333,39.101973,PICKUP,1583466704.187613
123321857,2,2100076520234190812,121.455772,39.115624,PICKUP,1583491970.025786
118891361,0,2100076468094305500,121.461455,39.175727,PICKUP,1583468077.132311
10779201,2,2100076509323035918,121.595235,39.215910,PICKUP,1583488179.080987
10298963,0,2100076468340819226,121.531827,39.250838,DELIVERY,1583467681.634695
10298963,2,2100076499556697648,121.549883,39.246976,DELIVERY,1583486560.593444
10618353,2,2100076458343859994,121.403410,39.052880,PICKUP,1583463789.165821
117024145,2,2100076477044458701,121.484082,39.064973,PICKUP,1583469352.819652
117024145,4,2100076485738693825,121.475677,39.063893,DELIVERY,1583474033.325708
117024145,6,2100076390608241897,121.483049,39.049617,PICKUP,1583487098.796848
10762615,0,2100076467489703693,121.591623,39.146116,PICKUP,1583467252.321737
10762615,2,2100076484768401247,121.591249,39.145443,PICKUP,1583472327.825675
10676669,0,2100076486602294475,121.548515,39.083361,PICKUP,1583473245.419536
118970753,0,2100076458776266033,121.821862,39.067331,DELIVERY,1583464241.378096
10183602,0,2100076462410270427,121.776925,39.352317,PICKUP,1583465574.195815
10696554,0,2100076460556322542,121.480740,39.250315,PICKUP,1583465378.453898
117012793,0,2100076465693296150,121.314615,39.125834,PICKUP,1583466189.938260
117012793,2,2100076484345235263,121.314644,39.125869,DELIVERY,1583471983.379964
10112683,0,2100076452470163064,121.434186,38.988014,DELIVERY,1583461904.083784
114634969,0,2100076465293296892,121.547843,39.141836,DELIVERY,1583465956.537568
114634969,2,2100076484860216987,121.553785,39.139472,DELIVERY,1583473116.886104
117070713,0,2100076459007051088,121.679993,39.178386,DELIVERY,1583467655.509167
111845074,2,2100076468897711927,121.458486,39.218867,PICKUP,1583466572.439208
118888121,0,2100076465050716052,121.520082,39.223183,PICKUP,1583465957.901902
118558089,0,2100076466098374224,121.421014,39.200182,PICKUP,1583466570.452269
118794633,0,2100076457958802655,121.560396,39.190004,PICKUP,1583465127.186547
121955505,0,2100076474326451231,121.422966,39.174720,PICKUP,1583468282.213784
10731534,4,2100076514544747779,121.346870,39.430633,PICKUP,1583489324.414083
10664338,0,2100076463340455544,121.843727,39.163185,PICKUP,1583466089.388905
10664338,2,2100076511218992685,121.836528,39.165587,PICKUP,1583487829.665004
123384985,0,2100076463620686873,121.487127,39.242465,PICKUP,1583466355.910270
118814697,0,2100076468740425245,121.690592,39.126044,PICKUP,1583467898.318088
120625801,0,2100076456064452558,121.630698,39.134934,PICKUP,1583465033.444583
10063068,0,2100076463230780775,121.483703,39.067133,PICKUP,1583466716.103487
10063068,2,2100076518677710264,121.472542,39.065955,PICKUP,1583490369.534088
10164305,0,2100076464042968283,121.593409,39.111830,DELIVERY,1583466210.519051
10773341,4,2100076518534349838,121.522267,39.023079,DELIVERY,1583491167.342330
10012191,0,2100076471646848007,121.521817,39.206101,PICKUP,1583467926.931354
10012191,2,2100076484725442041,121.530141,39.201457,DELIVERY,1583474644.245051
122605561,0,2100076459807868863,121.571471,39.174092,PICKUP,1583465600.076841
123459073,0,2100076463787902211,121.574741,39.141157,PICKUP,1583466666.881741
103384498,0,2100076466077271801,121.400793,39.177507,PICKUP,1583465774.697949
103384498,2,2100076501793408554,121.401458,39.175716,PICKUP,1583484239.400609
100149376,0,2100076476688762607,121.443211,39.210668,PICKUP,1583468936.332179
10525316,0,2100076446537287358,121.520385,39.068639,PICKUP,1583453993.917648
112516818,0,2100076478875142029,121.572157,39.023573,PICKUP,1583470082.609370
112516818,2,2100076509667624653,121.556851,39.026132,PICKUP,1583487396.391761
107597442,0,2100076455805945095,121.445301,38.948729,DELIVERY,1583464577.552585
10438747,0,2100076466375296007,121.436135,39.183271,DELIVERY,1583466193.454465
115749225,4,2100076490376807439,121.541461,39.071393,PICKUP,1583476376.304619
115749225,6,2100076509122036751,121.541357,39.064110,PICKUP,1583487977.945092
115749225,8,2100076530805245118,121.541589,39.060467,PICKUP,1583495877.718859
10788423,0,2100076462000965139,121.419115,39.260786,PICKUP,1583465859.542766
122904977,0,2100076470773974088,121.633092,39.134716,PICKUP,1583467423.677288
122904977,2,2100076505612420684,121.628184,39.134320,PICKUP,1583485859.701466
122904977,4,2100076535765436020,121.646700,39.126142,PICKUP,1583502439.123400
10601332,0,2100076476558575208,121.528786,39.186751,DELIVERY,1583468887.189315
10601332,2,2100076517653644559,121.524385,39.183883,PICKUP,1583490281.842545
115753185,0,2100076454472221981,121.517501,39.346539,PICKUP,1583462647.741548
10277311,0,2100076466217584278,121.540013,39.201396,PICKUP,1583465860.532264
10194017,0,2100076461104039222,121.465941,39.158993,PICKUP,1583465166.309600
10770943,0,2100076468631602423,121.428219,39.196051,DELIVERY,1583467560.230926
10770943,2,2100076498357027899,121.418900,39.198039,DELIVERY,1583481627.646360
10751154,2,2100076510533519167,121.664451,38.979013,PICKUP,1583488435.487581
10548486,6,2100076517133322107,121.530840,39.136041,PICKUP,1583490456.047451
114595465,2,2100076478537303719,121.552781,39.171818,PICKUP,1583469715.966178
111269722,0,2100076465149510734,121.449754,39.194329,PICKUP,1583466794.628649
111269722,2,2100076506464552573,121.480881,39.199741,PICKUP,1583486701.046588
111269722,4,2100076524811028009,121.477148,39.199595,PICKUP,1583493662.106990
10232315,0,2100076462126794637,121.428697,39.193549,DELIVERY,1583467148.255835
10232315,2,2100076502692824700,121.428834,39.197715,PICKUP,1583485377.319999
118819825,0,2100076469637023343,121.579927,39.222757,PICKUP,1583466484.751961
118819825,2,2100076527619507720,121.575815,39.219228,PICKUP,1583494647.595390
113078386,0,2100076463436531271,121.525174,39.132843,PICKUP,1583465724.047973
100002543,0,2100076472460444744,121.644470,39.135076,PICKUP,1583467102.601920
118817865,0,2100076466611717265,121.422840,39.151644,PICKUP,1583467781.742758
113600721,0,2100076448228017383,121.406137,39.364601,DELIVERY,1583457570.189629
10416907,0,2100076459934778857,121.460318,39.298416,DELIVERY,1583465674.354927
120728913,2,2100076511372346532,121.958804,39.592261,PICKUP,1583489086.467569
10583026,0,2100076472790845032,121.292857,39.021934,PICKUP,1583467176.835124
125775258,0,2100076462163526943,121.467019,39.167476,PICKUP,1583466220.666855
118206785,2,2100076469097235773,121.446434,39.205516,PICKUP,1583468178.604309
113666801,0,2100076467047794327,121.470599,39.175888,PICKUP,1583466662.439279
10181667,0,2100076460812502420,121.422939,39.151405,PICKUP,1583465867.623615
117026449,0,2100076467477874676,121.578403,39.093798,PICKUP,1583466455.148412
117026449,2,2100076498358830289,121.580819,39.101154,PICKUP,1583481372.284836
10642060,6,2100076514890908888,121.549729,39.151329,PICKUP,1583490180.475809
10642060,8,2100076531677201704,121.557100,39.151784,PICKUP,1583500860.711716
117031321,0,2100076460560188728,121.581398,39.168999,PICKUP,1583465781.494208
114464161,0,2100076444502132612,121.434497,39.118457,PICKUP,1583454760.568949
118661681,0,2100076455462634507,121.586532,39.111566,PICKUP,1583463421.600904
111618922,2,2100076461971145789,121.524264,39.179489,PICKUP,1583464586.409716
111025498,0,2100076464677258260,121.600641,39.187968,PICKUP,1583466384.767030
117528729,0,2100076463755626195,121.546777,39.207957,PICKUP,1583466900.051176
10507382,0,2100076466137794220,121.357651,39.433899,PICKUP,1583467169.805793
118804441,2,2100076464938977026,121.532985,39.250735,PICKUP,1583466076.686514
118804441,6,2100076496619014071,121.529777,39.249449,PICKUP,1583480568.812559
118804441,8,2100076509317269344,121.532431,39.250963,DELIVERY,1583488003.429321
118804441,10,2100076526241122298,121.532912,39.250834,PICKUP,1583494292.175184
120561993,0,2100076448375866596,121.530622,39.269423,PICKUP,1583459656.067833
100799026,0,2100076466093721028,121.580599,39.217724,DELIVERY,1583467635.300934
100799026,2,2100076482817918002,121.591131,39.208607,PICKUP,1583472260.518348
116190881,2,2100076478853186616,121.707789,39.266800,PICKUP,1583469575.040734
118920049,0,2100076448114345685,121.503370,39.198203,DELIVERY,1583461204.249544
118920049,2,2100076490969810645,121.507879,39.202735,DELIVERY,1583479226.513209
115755785,0,2100076472585193342,121.419215,39.197847,PICKUP,1583468359.617990
10487413,0,2100076461886440952,121.527933,39.277169,PICKUP,1583467275.862117
10487413,4,2100076506010748168,121.528721,39.276955,PICKUP,1583487229.926021
10572143,0,2100076467524994973,121.546485,39.264429,PICKUP,1583466480.120806
10572143,2,2100076510189651856,121.528574,39.277121,PICKUP,1583487567.710472
124973465,0,2100076467132598006,121.655700,39.252794,PICKUP,1583466710.301391
124981409,0,2100076476474066622,121.527794,39.277019,PICKUP,1583468719.372956
10488513,8,2100076506761398157,121.455411,39.105973,PICKUP,1583487589.683798
10488513,10,2100076526015186162,121.455778,39.108380,PICKUP,1583494835.584409
10579286,0,2100076446121100653,121.546927,39.083957,PICKUP,1583465244.855566
10579286,4,2100076504154474049,121.546683,39.084443,DELIVERY,1583486136.907773
10579286,6,2100076530212734072,121.545433,39.075485,PICKUP,1583496204.903309
100122337,0,2100076455181616167,121.593730,39.203980,PICKUP,1583466588.210909
100122337,2,2100076502798337304,121.580896,39.211271,PICKUP,1583486422.168532
10392466,0,2100076444548105702,121.484848,39.164811,PICKUP,1583455002.806108
10392466,2,2100076449317750246,121.483972,39.164902,PICKUP,1583458410.375568
10392466,8,2100076494837450214,121.483885,39.164301,PICKUP,1583477954.637236
10489414,0,2100076462838580635,121.491869,39.053596,DELIVERY,1583465980.028247
10363032,2,2100076450583217238,121.520546,39.189800,PICKUP,1583460454.854911
10290949,0,2100076455269566355,121.420026,39.184667,PICKUP,1583464062.895215
100002652,0,2100076483679979410,121.559951,39.151688,PICKUP,1583471253.101564
100002652,2,2100076520321943315,121.580403,39.151811,PICKUP,1583492935.572520
118248009,2,2100076463506065163,121.421469,39.197791,DELIVERY,1583465531.879040
118248009,4,2100076521712486111,121.419794,39.199765,DELIVERY,1583492588.307580
122726849,0,2100076466336106420,121.552114,39.083878,PICKUP,1583466831.897111
106834122,0,2100076480114001115,121.556623,39.111362,PICKUP,1583470541.148879
106834122,4,2100076531092588144,121.568923,39.110104,PICKUP,1583496534.276656
10515576,2,2100076501587231909,121.616891,39.133868,PICKUP,1583483353.840242
10515576,4,2100076525011960919,121.615013,39.149655,PICKUP,1583493713.995425
10614152,2,2100076470286518074,121.486964,39.199916,PICKUP,1583467240.770193
102688330,0,2100076475333871128,121.452296,39.185755,PICKUP,1583468930.996606
103041650,2,2100076475242480887,121.564968,39.136012,PICKUP,1583468239.421654
104673194,0,2100076493684966494,121.537321,39.214272,PICKUP,1583479006.793138
123679329,0,2100076479530633162,121.569901,39.151716,PICKUP,1583470071.594731
123679329,2,2100076488783922879,121.568630,39.149562,DELIVERY,1583476079.763098
117067361,0,2100076460177852097,121.669917,39.183450,PICKUP,1583465495.279110
121628049,0,2100076460346082698,121.582564,39.109374,DELIVERY,1583465422.853319
103216506,0,2100076491522802946,121.615982,39.116154,PICKUP,1583475923.852390
118770561,0,2100076446311908508,121.467613,39.298317,PICKUP,1583462687.425460
118770561,2,2100076469885404763,121.488593,39.299909,PICKUP,1583467289.289590
118770561,6,2100076515660465365,121.464851,39.285321,DELIVERY,1583490586.929875
118894089,0,2100076444191164305,121.535479,39.155502,PICKUP,1583455726.299440
118894089,2,2100076484779673467,121.529378,39.133293,DELIVERY,1583472470.584891
10370848,0,2100076460992202730,121.450687,39.245842,PICKUP,1583464861.481727
116226473,0,2100076468279347188,121.538205,39.218980,PICKUP,1583467980.989811
103401674,2,2100076488781301715,121.606627,39.118010,PICKUP,1583475597.285563
103401674,6,2100076523243603515,121.623602,39.111134,PICKUP,1583492974.232574
118810873,0,2100076446317347980,121.484662,39.146005,DELIVERY,1583455636.866611
106539714,0,2100076469551301698,121.527611,39.276915,PICKUP,1583466617.419096
10719665,0,2100076459207100180,121.351450,39.430102,DELIVERY,1583465297.003790
10719665,4,2100076491724817490,121.350878,39.427617,PICKUP,1583477639.443202
10719665,8,2100076518032147477,121.362316,39.431203,PICKUP,1583490434.958898
10534600,0,2100076454334203031,121.503061,39.186504,PICKUP,1583464037.568131
10787521,0,2100076449969767768,121.473715,39.299007,PICKUP,1583460387.046861
10787521,2,2100076516921509077,121.477650,39.310341,PICKUP,1583490137.470650
10459881,2,2100076472676976622,121.748704,39.106275,PICKUP,1583468770.800674
10459881,4,2100076520823916117,121.745213,39.122568,PICKUP,1583491804.768144
117109065,0,2100076457419277906,121.429617,39.105330,PICKUP,1583463649.402109
117109065,4,2100076497626269431,121.455633,39.108138,DELIVERY,1583482243.339648
117026577,0,2100076479428068804,121.576655,39.218608,PICKUP,1583469791.842267
124682649,0,2100076455846381197,121.534693,39.250676,PICKUP,1583464640.003667
117108625,0,2100076466582291925,121.419950,39.191655,PICKUP,1583466931.533496
113396953,0,2100076472998102997,121.587526,39.082780,PICKUP,1583467624.139539
10120267,0,2100076440964695676,121.428470,39.197873,DELIVERY,1583461834.601272
10120267,4,2100076498562418300,121.428743,39.198635,PICKUP,1583483384.202997
10120267,6,2100076523030250693,121.422037,39.195922,PICKUP,1583492896.077514
105514250,2,2100076467699418257,121.696184,39.138620,DELIVERY,1583466781.525557
10354617,2,2100076464831726662,121.557419,39.178717,PICKUP,1583465850.870112
10354617,6,2100076510830167246,121.555004,39.177763,PICKUP,1583487647.383266
101915922,4,2100076494224590163,121.688308,39.284254,PICKUP,1583478753.863031
101915922,6,2100076517690148610,121.705688,39.272768,PICKUP,1583490933.190732
10816376,0,2100076467689391955,121.418692,39.199924,PICKUP,1583466843.154938
118841633,0,2100076451062711655,121.466334,39.060712,PICKUP,1583461717.291826
118841633,4,2100076502857450622,121.472280,39.063849,PICKUP,1583485731.844855
118787177,0,2100076452895033128,121.516391,39.031313,PICKUP,1583463916.417576
118890377,0,2100076456255326188,121.593429,39.126534,PICKUP,1583464643.132769
10636336,0,2100076465908418272,121.424537,39.252780,PICKUP,1583465832.353137
117428305,0,2100076474328844141,121.521961,39.282154,PICKUP,1583469062.124397
117428305,2,2100076514516272376,121.522022,39.282149,DELIVERY,1583490731.456456
117113497,0,2100076446391927819,121.412481,39.255304,DELIVERY,1583455240.862667
103404602,0,2100076457465611922,121.360732,39.132513,PICKUP,1583464261.975144
120448506,0,2100076479475516666,121.581796,39.210889,PICKUP,1583470001.367560
123510313,0,2100076460949898513,121.746334,39.532336,PICKUP,1583465183.287855
10248665,0,2100076459086480945,121.423001,39.138463,DELIVERY,1583466040.705850
10756147,2,2100076480888145454,121.572503,39.111139,DELIVERY,1583471034.974028
124274137,0,2100076457398306325,121.552283,39.172629,PICKUP,1583464754.023186
124753497,0,2100076464072558491,121.416701,39.259494,PICKUP,1583466032.589030
10767994,0,2100076470974351097,121.401326,39.177381,DELIVERY,1583467589.757067
10767994,2,2100076508511896900,121.401344,39.176431,PICKUP,1583487226.535071
118818985,0,2100076446850156536,121.456762,39.304457,PICKUP,1583458307.647136
118818985,2,2100076465486169630,121.471184,39.298968,PICKUP,1583466131.888074
118818985,6,2100076513552009095,121.447636,39.292540,PICKUP,1583489033.979277
118818985,8,2100076527344911966,121.469076,39.283211,PICKUP,1583495233.166783
116024137,0,2100076449496925951,121.769511,39.108019,PICKUP,1583459825.783039
118808025,0,2100076445815145568,121.470786,39.119230,PICKUP,1583456055.231293
118808025,2,2100076488348731326,121.488903,39.123350,PICKUP,1583474180.032902
116050601,0,2100076459573937276,121.568675,39.149625,PICKUP,1583465128.679487
116050601,2,2100076522280420359,121.564008,39.141863,PICKUP,1583491685.328805
101269810,0,2100076422353945732,121.529503,39.117248,PICKUP,1583456155.290040
101269810,2,2100076463401469298,121.531196,39.115163,PICKUP,1583466479.588696
101269810,6,2100076509076883452,121.541050,39.115321,PICKUP,1583487857.670381
103242482,2,2100076483963422335,121.445104,38.948843,DELIVERY,1583471622.378569
115073537,0,2100076497966335175,121.255124,38.947681,PICKUP,1583481800.008157
117020457,0,2100076467252954487,121.391795,39.251151,PICKUP,1583466829.853059
117020457,6,2100076508051867410,121.431739,39.255275,PICKUP,1583488391.892866
109772898,0,2100076458588603919,121.516473,39.169295,PICKUP,1583464260.565689
10527162,0,2100076460597544686,121.612579,39.189642,DELIVERY,1583467293.165478
10527162,2,2100076517813258230,121.612090,39.189557,PICKUP,1583491460.459979
113793937,0,2100076463342520140,121.655771,39.252888,PICKUP,1583465921.099051
113793937,4,2100076502910043755,121.655707,39.252829,DELIVERY,1583484044.683641
118322641,2,2100076473541920564,121.433125,38.903467,PICKUP,1583468176.236001
120407090,0,2100076510104651359,121.431491,39.198684,PICKUP,1583487118.245147
116502929,0,2100076459812685770,121.446788,39.297652,PICKUP,1583464755.007505
105626402,2,2100076501394064763,121.813518,39.135872,DELIVERY,1583484083.363947
10664091,2,2100076475115406956,121.548163,39.140699,DELIVERY,1583468830.990778
100429202,0,2100076461324829721,121.377715,39.128084,PICKUP,1583464612.961235
102358466,0,2100076442824246899,121.520128,39.071725,PICKUP,1583454868.136220
102358466,2,2100076449700546094,121.546693,39.067135,DELIVERY,1583462551.688620
102358466,4,2100076467650626745,121.540123,39.067555,PICKUP,1583466878.211323
102358466,6,2100076493434356751,121.541775,39.065039,PICKUP,1583477020.416455
102358466,10,2100076516520527693,121.541605,39.065752,PICKUP,1583490396.291021
116133289,2,2100076462229947561,121.471147,39.162374,PICKUP,1583465413.089323
116133289,6,2100076513467697079,121.470683,39.162242,PICKUP,1583488949.288115
103738138,0,2100076470262760947,121.587204,39.166199,PICKUP,1583467381.597023
118713201,0,2100076472072079253,121.411432,39.178738,PICKUP,1583467640.440174
118713201,2,2100076491306632965,121.410164,39.186149,PICKUP,1583476860.355977
10392452,2,2100076476848538724,121.478768,39.168016,PICKUP,1583468680.758079
10392452,4,2100076507274085951,121.484139,39.164584,PICKUP,1583486626.332689
10303432,2,2100076522536208117,121.438503,39.187961,PICKUP,1583493144.486156
10703923,0,2100076470117565752,121.548474,39.197796,PICKUP,1583467292.000304
117068537,0,2100076443454997628,121.959610,39.596074,DELIVERY,1583451360.950728
117068537,4,2100076508521694410,121.960975,39.591951,PICKUP,1583487070.503609
116274473,0,2100076504510891839,121.408727,39.139173,PICKUP,1583485601.174245
10190566,0,2100076449317520423,121.453752,39.010147,PICKUP,1583460013.602865
113632273,0,2100076461570033263,121.675228,38.998056,PICKUP,1583465784.677289
10322363,0,2100076448544523937,121.557306,39.178819,PICKUP,1583460368.522915
10322363,6,2100076500628571809,121.557419,39.178752,PICKUP,1583484313.193250
10322363,8,2100076504021763745,121.544512,39.177328,PICKUP,1583492021.427568
10304094,2,2100076464464888866,121.505230,39.189750,PICKUP,1583466575.517609
10304094,6,2100076512047302553,121.505007,39.189565,PICKUP,1583488814.098459
10668497,2,2100076513459012948,121.741058,39.245839,PICKUP,1583488717.104511
118266025,0,2100076458696345505,121.690223,39.125355,PICKUP,1583464841.361481
118266025,6,2100076513336264527,121.690672,39.126319,PICKUP,1583489210.720528
10278503,2,2100076514403386440,121.626699,39.133867,PICKUP,1583488647.747753
10278503,4,2100076526596097949,121.660431,39.132563,DELIVERY,1583494300.809093
118800337,0,2100076460362794556,121.520133,39.223171,PICKUP,1583465079.963148
118800337,2,2100076510460675693,121.520056,39.222947,PICKUP,1583487279.947601
118800337,4,2100076524320753543,121.543314,39.206718,PICKUP,1583493131.148740
10188077,4,2100076516109977048,121.540643,39.133463,PICKUP,1583489865.876612
101180274,0,2100076435678922707,121.406010,39.084116,PICKUP,1583453946.478002
123563353,4,2100076502380447309,121.446116,39.258279,DELIVERY,1583486093.808985
10650683,2,2100076461893026927,121.537466,39.196900,PICKUP,1583466174.145725
10650683,4,2100076502330672278,121.533681,39.206328,DELIVERY,1583484271.250790
118782929,0,2100076474223888023,121.585003,39.188765,PICKUP,1583468521.673465
118782929,2,2100076508200699253,121.561352,39.189229,PICKUP,1583486387.509740
123314609,2,2100076496760473529,121.378421,39.244762,PICKUP,1583480435.518550
123314609,4,2100076512106972354,121.368965,39.270742,DELIVERY,1583488541.328984
112905898,2,2100076489959933614,121.367582,39.135336,PICKUP,1583475110.641516
10185816,0,2100076460246828352,121.439523,39.100269,PICKUP,1583465836.590674
102246634,0,2100076473683347044,121.353023,39.429938,PICKUP,1583468800.253853
118813289,0,2100076463061730781,121.487210,39.128733,DELIVERY,1583467241.052860
118813289,2,2100076487388136886,121.473950,39.135040,PICKUP,1583474111.574779
119069129,0,2100076448164415223,121.479480,39.072179,PICKUP,1583461498.756521
119069129,2,2100076508833318209,121.479207,39.072182,DELIVERY,1583487335.815056
117464353,0,2100076445994190626,121.619149,39.031250,PICKUP,1583457634.742067
117464353,2,2100076469652850119,121.619442,39.031409,PICKUP,1583467355.785720
117464353,6,2100076524214355640,121.614725,39.011746,PICKUP,1583492243.298086
115025641,0,2100076464943498584,121.745330,39.527650,PICKUP,1583467655.761781
115025641,4,2100076492642747817,121.747291,39.549780,PICKUP,1583478275.155549
10364589,0,2100076445157328890,121.580953,39.097288,PICKUP,1583457424.539410
117672177,0,2100076465930306903,121.434216,39.184340,PICKUP,1583466294.922443
10593238,0,2100076443379631215,121.372841,39.135378,DELIVERY,1583456232.599339
10593238,2,2100076469752432317,121.366653,39.135347,PICKUP,1583469288.179492
10593238,4,2100076516669982200,121.392148,39.124502,PICKUP,1583490571.590114
117108873,2,2100076468865500624,121.523274,39.133342,PICKUP,1583467229.850985
121123553,0,2100076447898961757,121.484037,39.054219,PICKUP,1583464893.506005
118787945,0,2100076462688437845,121.453245,39.120976,PICKUP,1583465673.294153
118787945,2,2100076498071717124,121.463328,39.123298,PICKUP,1583480401.935822
10335674,4,2100076500709246930,121.541750,39.063378,PICKUP,1583482129.065268
101992442,0,2100076474464765164,121.482770,39.129536,PICKUP,1583468411.724802
103161530,0,2100076460015912023,121.614917,39.140619,PICKUP,1583465207.493181
102499938,2,2100076453933352447,121.529321,39.250431,DELIVERY,1583463351.762557
103006362,0,2100076445207627254,121.499276,39.168820,PICKUP,1583456482.393260
118918985,0,2100076449136968940,121.958887,39.593123,PICKUP,1583460727.857052
118918985,4,2100076494030571451,121.959096,39.592462,PICKUP,1583479495.932407
118918985,6,2100076510831183216,121.959075,39.592538,PICKUP,1583487541.352920
10663375,0,2100076461668959720,121.405574,39.367852,PICKUP,1583465292.623184
10021791,0,2100076459466786584,121.446498,39.206096,DELIVERY,1583465761.520933
10021791,4,2100076503880566319,121.444956,39.208984,PICKUP,1583484079.783296
118970329,0,2100076460725143199,122.238406,39.366452,PICKUP,1583465033.566267
105276506,0,2100076445484844534,121.499082,39.168920,PICKUP,1583455477.984808
105276506,2,2100076453322622930,121.499090,39.168990,DELIVERY,1583463172.669625
103441042,0,2100076465307026806,121.404102,39.049230,PICKUP,1583466356.017694
103441042,2,2100076505565595297,121.433335,39.061134,DELIVERY,1583486398.788974
119684969,0,2100076468355597753,121.550146,39.198548,PICKUP,1583467711.349076
10518924,0,2100076494031226607,121.467634,39.077226,PICKUP,1583479019.240476
118908809,0,2100076473413830413,121.591142,39.146720,DELIVERY,1583468992.214995
116971497,0,2100076439115892550,121.664220,39.184071,DELIVERY,1583457124.900604
10649045,0,2100076463397373819,121.576640,39.118529,DELIVERY,1583467567.972026
118793961,0,2100076469998061223,121.558435,39.173966,PICKUP,1583466908.707936
10330725,2,2100076463388461049,121.471214,39.298264,PICKUP,1583465798.645235
10275639,0,2100076445634889523,121.405963,39.364775,PICKUP,1583458226.213358
117488401,0,2100076466110891773,121.461692,39.211347,DELIVERY,1583466871.484575
10404691,0,2100076442482378178,121.443320,39.185026,PICKUP,1583457487.974060
10037225,0,2100076449238582520,121.509757,39.163671,DELIVERY,1583461045.642910
117056185,0,2100076463582676775,121.223694,39.129313,PICKUP,1583465664.663027
117056185,4,2100076498553046639,121.236170,39.117596,PICKUP,1583482886.417077
117056185,6,2100076512339985694,121.226526,39.123707,DELIVERY,1583490976.147995
10742004,0,2100076469933376602,121.487677,39.120613,PICKUP,1583467355.595108
112008954,0,2100076478958733265,121.781022,39.103849,PICKUP,1583469897.457835
122244937,0,2100076465728587273,121.548606,39.144722,PICKUP,1583466073.893599
118798641,2,2100076466646714366,121.454365,39.146297,PICKUP,1583466069.573671
118798641,4,2100076509201139209,121.471554,39.126169,PICKUP,1583488143.049544
10194307,0,2100076458108454027,121.594871,39.215770,PICKUP,1583464197.270493
100134611,2,2100076511224236023,121.377203,39.299072,PICKUP,1583487699.940180
10598602,0,2100076448077710867,121.798688,39.107147,PICKUP,1583458927.112893
118916329,4,2100076512081937798,122.245813,39.368021,PICKUP,1583488631.960787
119918177,0,2100076473623512501,121.590729,39.111821,DELIVERY,1583468818.880556
110962402,0,2100076456637269493,121.465298,39.159259,PICKUP,1583464374.065266
107672506,0,2100076458828826218,121.532313,39.080628,PICKUP,1583465181.840731
107672506,2,2100076516215096803,121.527348,39.075688,PICKUP,1583490257.659198
120130201,0,2100076464571417942,121.506160,39.104621,PICKUP,1583465715.074556
111193122,0,2100076446391273340,121.445691,39.210882,PICKUP,1583454949.942933
118795745,0,2100076510301947357,121.495069,39.143858,PICKUP,1583487605.376808
106581010,0,2100076459800430191,121.619639,39.133886,PICKUP,1583464742.193542
106581010,2,2100076495333623554,121.617349,39.133850,PICKUP,1583480231.638534
101943338,0,2100076445206283497,121.675503,39.271212,PICKUP,1583456918.996613
102054458,0,2100076469849655161,121.628344,39.126926,PICKUP,1583466698.178788
117065769,2,2100076525976650933,121.590622,39.134809,PICKUP,1583495031.141838
102837378,2,2100076450593933018,121.450476,39.151858,PICKUP,1583460509.480758
118559025,0,2100076446565697130,121.251691,38.948802,DELIVERY,1583454957.360492
118559025,2,2100076476008237045,121.273509,38.975276,PICKUP,1583469366.234748
103133802,4,2100076511345509872,121.755682,39.351771,DELIVERY,1583490189.314185
10417888,0,2100076447966234086,121.484495,39.165027,PICKUP,1583457259.301069
10417888,2,2100076453638833638,121.484199,39.164676,PICKUP,1583462656.613841
10417888,4,2100076471035889608,121.485552,39.161829,PICKUP,1583468333.979791
10417888,6,2100076488635254335,121.484517,39.164946,PICKUP,1583474805.356457
10417888,8,2100076495649277414,121.483941,39.164802,PICKUP,1583480100.624691
10328045,0,2100076445226272469,121.503218,39.198051,DELIVERY,1583453704.937067
100532962,2,2100076528523839448,121.422653,39.151448,PICKUP,1583495155.536701
103191818,0,2100076477903472510,121.527198,39.264012,PICKUP,1583469129.312224
103191818,2,2100076494346257925,121.532352,39.250793,PICKUP,1583480559.522398
103191818,4,2100076526643775035,121.551267,39.239110,DELIVERY,1583495377.634041
110622026,0,2100076472229168969,121.549444,39.157577,PICKUP,1583468025.653648
110622026,2,2100076505745196437,121.549435,39.157530,PICKUP,1583487045.317238
110622026,4,2100076524352439750,121.542857,39.158740,DELIVERY,1583494540.392390
115753441,0,2100076447367726762,121.515272,39.343839,DELIVERY,1583457925.455164
10282591,0,2100076460043240681,121.522051,39.216577,PICKUP,1583465675.878172
10282591,2,2100076513995556692,121.537386,39.207142,DELIVERY,1583491265.459402
101419538,2,2100076474176144400,121.597895,39.143489,PICKUP,1583468913.668889
101419538,4,2100076528111027420,121.622948,39.134401,DELIVERY,1583495890.079228
118789929,2,2100076460532237795,121.487491,39.124775,PICKUP,1583465525.116672
115861121,4,2100076520181630894,121.400552,39.094081,PICKUP,1583493444.708768
114323969,2,2100076478819042879,121.525101,39.268302,PICKUP,1583469649.103286
114323969,4,2100076508170388906,121.527579,39.277080,PICKUP,1583486341.412691
10289729,0,2100076461172918144,121.454324,39.108718,PICKUP,1583465463.703162
104583538,0,2100076444127889233,121.485249,39.164467,PICKUP,1583454017.566825
104583538,2,2100076448997279206,121.483456,39.165680,PICKUP,1583459005.815562
10642486,2,2100076465223370417,121.454698,39.257165,PICKUP,1583466075.364758
10094682,0,2100076462100317648,121.547337,39.140222,PICKUP,1583466198.406816
123763529,0,2100076461825590897,121.560179,39.176436,PICKUP,1583466136.377598
118791265,0,2100076465039213972,121.444974,39.163370,PICKUP,1583466424.638999
118791265,2,2100076501452981652,121.423046,39.151375,PICKUP,1583482927.430929
119340785,0,2100076466503615599,121.601859,39.110926,PICKUP,1583468044.362141
119340785,2,2100076515709781069,121.599107,39.111261,PICKUP,1583490044.001980
102748698,0,2100076482681636173,121.575686,39.131278,PICKUP,1583470980.968555
102748698,4,2100076525530842772,121.566698,39.131512,PICKUP,1583494053.694398
102693874,0,2100076460770264750,121.600269,39.213479,PICKUP,1583465659.305851
122942881,0,2100076455011485260,121.630695,39.139499,PICKUP,1583463283.604459
122942881,2,2100076480308152250,121.632798,39.149206,PICKUP,1583469883.338154
119149921,0,2100076462592820992,121.587525,39.204118,DELIVERY,1583466859.462689
10429097,0,2100076516832086008,121.471156,39.299767,DELIVERY,1583490616.366949
118785289,0,2100076444987622563,121.446020,39.244629,PICKUP,1583453802.868417
122060865,0,2100076474241615775,121.660480,39.170288,PICKUP,1583468983.274920
122060865,2,2100076490972595666,121.669472,39.171213,PICKUP,1583476548.006608
101166018,0,2100076456471201176,121.484462,39.068871,PICKUP,1583463971.865671
108061506,0,2100076445588522358,121.446257,39.297666,PICKUP,1583460336.746994
108061506,2,2100076500792805188,121.434496,39.299248,PICKUP,1583483022.754081
108061506,4,2100076517226612454,121.432496,39.286295,PICKUP,1583491345.991058
10690649,0,2100076477565142484,121.527548,39.133487,PICKUP,1583469557.824361
118760649,0,2100076464975676647,121.471600,39.126616,DELIVERY,1583468510.617538
118760649,6,2100076508253554131,121.487325,39.124815,PICKUP,1583487050.847312
100006950,2,2100076524356470084,121.405090,39.043030,DELIVERY,1583494398.506006
113736177,0,2100076467971458770,121.566947,39.153680,PICKUP,1583467010.119589
113736177,6,2100076527847769367,121.566466,39.151930,PICKUP,1583494826.112784
10784899,6,2100076522410968695,121.558443,39.179446,PICKUP,1583492897.732599
123307425,0,2100076447415206973,121.645445,39.035999,DELIVERY,1583457809.987550
123307425,2,2100076494261257542,121.661692,39.037453,PICKUP,1583479296.442040
10323658,0,2100076523048928944,121.605508,39.181890,DELIVERY,1583493191.585958
117208745,0,2100076450744665573,121.756262,39.110534,PICKUP,1583461632.397580
117208745,2,2100076475363689863,121.763083,39.111274,PICKUP,1583469310.124448
100147671,0,2100076455540098200,121.428163,39.196070,PICKUP,1583464000.397371
10638398,2,2100076456725742776,121.616174,39.156644,PICKUP,1583463789.042284
10638398,4,2100076492149720710,121.614711,39.156411,PICKUP,1583477317.119389
115365817,2,2100076509889922237,121.743744,39.248107,PICKUP,1583488272.996308
105898418,2,2100076486560024320,121.494502,39.198323,PICKUP,1583476346.123142
105898418,4,2100076515407660462,121.504494,39.200765,PICKUP,1583490087.117918
118475913,2,2100076509576759124,121.522342,39.216741,PICKUP,1583487165.536035
118811881,0,2100076449551713886,121.439189,39.099947,DELIVERY,1583460838.396642
123497569,0,2100076461415138508,121.436038,39.183243,PICKUP,1583464960.901358
100240426,0,2100076460192630171,121.451585,38.940396,DELIVERY,1583465887.985507
100240426,2,2100076507370161399,121.445372,38.948742,PICKUP,1583487331.683278
10805160,0,2100076463975925689,121.615984,39.024786,DELIVERY,1583467233.230733
10805160,2,2100076521737454833,121.594919,39.020618,PICKUP,1583492477.294767
112996714,4,2100076484692445135,121.377328,39.146823,PICKUP,1583471795.315390
10012508,2,2100076498007295434,121.528783,39.288767,DELIVERY,1583480771.283903
10012508,6,2100076532432504632,121.523935,39.297293,PICKUP,1583497788.705655
111811122,2,2100076466367989146,121.603995,39.189551,PICKUP,1583466783.809641
111811122,4,2100076503825253786,121.603157,39.190410,PICKUP,1583485185.021058
102938282,0,2100076441840813710,121.446205,39.297542,PICKUP,1583457890.660065
102938282,2,2100076479015913102,121.419132,39.301999,PICKUP,1583469140.415506
102938282,4,2100076495804040679,121.446834,39.297431,PICKUP,1583479587.612294
116642425,0,2100076453424859065,121.384257,39.233825,DELIVERY,1583463049.190278
116642425,2,2100076496050553923,121.384363,39.233673,PICKUP,1583479912.177803
114454825,0,2100076459950245602,121.537213,39.020432,PICKUP,1583464928.819727
114454825,2,2100076510941022202,121.544187,39.022411,PICKUP,1583487952.774511
113022562,2,2100076451824404139,121.675513,39.134321,PICKUP,1583460969.188231
117049569,0,2100076474499860337,121.223697,39.129333,PICKUP,1583468144.694694
110846282,0,2100076456319845692,121.453597,39.207706,PICKUP,1583464091.210409
110846282,2,2100076474851231278,121.453813,39.223928,PICKUP,1583469345.121582
110846282,4,2100076516255335982,121.451213,39.211645,PICKUP,1583490575.528944
120171578,0,2100076453785175808,121.494339,39.198335,PICKUP,1583463603.318537
120171578,2,2100076491256104704,121.493916,39.198425,PICKUP,1583476494.075195
122093097,2,2100076460970772385,121.552262,39.159147,PICKUP,1583465548.080076
10083928,0,2100076443507492413,121.616170,39.230683,PICKUP,1583452109.355748
118798201,2,2100076500129678974,121.487325,39.140353,DELIVERY,1583483492.056029
117069353,0,2100076462922827679,121.660457,39.170105,PICKUP,1583465897.607121
102505842,0,2100076512446678476,121.616632,39.182374,PICKUP,1583488465.276704
110997610,0,2100076468778829661,121.602412,39.139213,PICKUP,1583467248.440390
122220553,2,2100076478051583899,121.591332,39.135102,PICKUP,1583468831.379105
120550817,2,2100076478544480141,121.430455,39.194721,PICKUP,1583471028.165203
120550817,4,2100076492535170684,121.428309,39.197031,PICKUP,1583480263.292611
117916001,6,2100076513988642506,121.408195,39.189984,PICKUP,1583489876.424466
122881657,0,2100076493226477459,121.713001,39.145334,PICKUP,1583477087.086132
10619850,0,2100076445984360175,121.441088,39.003764,PICKUP,1583455513.871389
10619850,2,2100076467699877097,121.447510,39.015108,PICKUP,1583467099.210438
10127695,0,2100076456532673576,121.586279,39.128008,PICKUP,1583464423.679882
107736970,0,2100076456671053353,121.536787,39.105918,PICKUP,1583464821.029929
118200593,0,2100076471535699835,121.527685,39.151013,PICKUP,1583467347.104167
10587453,0,2100076465207871078,121.809148,39.081483,PICKUP,1583466398.804919
124018041,0,2100076446420403840,121.597865,39.134459,PICKUP,1583461921.521786
10645907,0,2100076450618672655,121.436387,39.294711,PICKUP,1583464462.401716
10645907,2,2100076479768757609,121.456911,39.304403,DELIVERY,1583471387.259780
116119961,0,2100076459841946641,121.484267,39.063917,PICKUP,1583464660.709298
106164450,2,2100076459334960414,121.462282,39.154754,PICKUP,1583465201.715082
10633991,0,2100076465372956566,121.417114,39.185172,DELIVERY,1583467514.616527
10670465,0,2100076460990924199,121.486185,39.117349,PICKUP,1583465709.904013
122153417,0,2100076438098511011,121.448864,39.175241,PICKUP,1583467020.222419
122153417,4,2100076518111380625,121.469101,39.158271,DELIVERY,1583492799.946116
117051577,8,2100076519894222309,121.255315,39.116480,DELIVERY,1583493457.267807
104989810,0,2100076454001378808,121.792799,39.112990,PICKUP,1583464348.682094
104989810,2,2100076515272590884,121.797476,39.113805,PICKUP,1583490414.618997
104989810,4,2100076534007695004,121.789127,39.125969,PICKUP,1583500956.730731
10765017,2,2100076515204761224,121.208758,39.162313,PICKUP,1583489564.390739
117164105,0,2100076449407928170,121.534691,39.060300,PICKUP,1583461602.233938
117013905,0,2100076454173640567,121.284132,39.147979,PICKUP,1583463813.916038
117013905,4,2100076512243484328,121.285810,39.141119,PICKUP,1583489616.658613
113601193,2,2100076475289896256,121.418919,39.196979,PICKUP,1583468495.724476
113601193,4,2100076515583526480,121.430147,39.196328,DELIVERY,1583490321.763690
10067592,0,2100076469648065575,121.582238,39.210752,DELIVERY,1583468626.166867
10067592,2,2100076511244977799,121.582523,39.210769,PICKUP,1583488005.265701
103493258,0,2100076458841769395,121.467433,39.085073,PICKUP,1583464696.376741
10591853,2,2100076460051694873,121.428509,39.196290,PICKUP,1583464812.191730
10591853,4,2100076510133520186,121.428432,39.196043,PICKUP,1583487278.971195
118180113,0,2100076459543365319,121.524753,39.150243,PICKUP,1583466328.855988
117054313,0,2100076464772449324,121.427015,39.196168,PICKUP,1583466293.306635
117054313,2,2100076508594275780,121.428439,39.196381,DELIVERY,1583487495.999130
117054313,4,2100076524298733284,121.428514,39.196556,PICKUP,1583492765.422002
118797393,0,2100076463209154336,121.486464,39.124694,PICKUP,1583467865.215527
107080018,0,2100076458893215722,121.532461,39.107059,PICKUP,1583465337.070963
107080018,4,2100076533867316713,121.500613,39.114857,DELIVERY,1583499889.334124
121572297,4,2100076531561465317,121.745101,39.110110,PICKUP,1583498925.563859
112905946,0,2100076469081835479,121.595902,39.207711,PICKUP,1583466500.949287
118851385,2,2100076467870664159,121.373303,39.149210,PICKUP,1583466672.359941
118851385,4,2100076506732988361,121.366397,39.147608,DELIVERY,1583487453.494177
118662905,0,2100076458776036472,121.548657,39.083615,PICKUP,1583464468.929510
10492242,0,2100076445072327831,121.504291,39.174807,DELIVERY,1583455675.669632
100177162,0,2100076456682915520,121.619614,39.118699,PICKUP,1583464510.789311
100177162,2,2100076494076773848,121.606214,39.118467,DELIVERY,1583477951.628000
100177162,4,2100076505170347987,121.605946,39.118458,DELIVERY,1583485987.939263
100177162,6,2100076522679043713,121.616646,39.110430,PICKUP,1583493190.710174
106246218,0,2100076449538999416,121.652107,39.317135,DELIVERY,1583459396.928096
106246218,6,2100076522367714681,121.661871,39.303436,PICKUP,1583492520.181093
113485593,0,2100076467123422912,121.600178,39.207824,DELIVERY,1583468635.545068
112665362,0,2100076461665485898,121.401322,39.177374,PICKUP,1583464650.724045
112665362,2,2100076480872252902,121.396003,39.174815,PICKUP,1583471791.533317
121788009,0,2100076447218173698,121.531296,39.063836,PICKUP,1583457005.445865
117031713,0,2100076464200025226,121.546279,39.207935,PICKUP,1583465941.417036
100084429,0,2100076459080353111,121.255337,38.948718,DELIVERY,1583465588.933442
100084429,2,2100076481663370502,121.262100,38.956129,PICKUP,1583470852.309714
102505146,6,2100076490278700304,121.549757,39.247083,PICKUP,1583476010.111348
112906890,0,2100076506480935944,121.800367,39.131575,PICKUP,1583486494.012696
122079457,0,2100076469318485433,121.368122,39.107410,PICKUP,1583466659.582339
106568746,0,2100076476344468970,121.666671,39.133466,PICKUP,1583468921.134759
106568746,2,2100076510031480364,121.666634,39.136168,PICKUP,1583488760.175319
118790761,0,2100076466848466609,121.523768,39.221765,PICKUP,1583466014.920983
118790761,2,2100076498579457548,121.512838,39.222309,PICKUP,1583485255.820697
10208063,0,2100076487230457607,121.474864,39.033862,PICKUP,1583473050.610200
10208063,2,2100076503864116433,121.482464,39.026020,PICKUP,1583485786.737191
118760809,0,2100076515090990636,121.484815,39.113408,PICKUP,1583489773.140668
124001625,0,2100076448241223240,121.526515,39.261466,PICKUP,1583457216.112335
124001625,2,2100076454039914113,121.530878,39.255688,PICKUP,1583464366.171748
124001625,6,2100076510383540089,121.525319,39.263216,PICKUP,1583488159.161846
10544976,0,2100076485055120980,121.445561,39.189960,DELIVERY,1583474039.678868
10544976,2,2100076518217516735,121.433335,39.190497,PICKUP,1583491300.046824
116872833,0,2100076463004681326,121.655587,39.252781,DELIVERY,1583466437.879099
10840157,0,2100076445710026335,121.416012,39.198641,DELIVERY,1583456906.008205
10840157,2,2100076459659724412,121.428111,39.197217,PICKUP,1583464563.613236
118820073,0,2100076469249443226,121.602625,39.198921,PICKUP,1583467805.665310
10739435,0,2100076442076054628,121.811450,39.092294,DELIVERY,1583460884.396363
116288617,0,2100076458951738665,121.618495,39.085438,PICKUP,1583465530.358276
125119169,0,2100076450699708254,121.491401,39.118681,PICKUP,1583462574.531278
118699633,0,2100076452573611895,121.469031,39.169298,PICKUP,1583464781.252142
118699633,4,2100076498904384540,121.490519,39.186235,PICKUP,1583483110.444512
118699633,8,2100076532800292275,121.480102,39.184831,DELIVERY,1583499014.284087
113977305,0,2100076460454512507,121.520980,39.209988,PICKUP,1583466061.928530
107045802,4,2100076521140356758,121.586288,39.193676,DELIVERY,1583493413.478044
121970409,2,2100076473061869522,121.435953,39.171423,PICKUP,1583467786.039262
10413087,0,2100076462406206936,121.765440,39.123319,PICKUP,1583465358.769918
10413087,2,2100076498703419301,121.765422,39.123294,PICKUP,1583481291.061582
10413087,4,2100076508331738584,121.753151,39.122371,PICKUP,1583486700.647151
10413087,6,2100076529046456016,121.756756,39.124768,PICKUP,1583497164.915298
10344320,0,2100076449911703014,121.484604,39.164496,DELIVERY,1583460371.218673
10344320,2,2100076503530997173,121.487501,39.159891,PICKUP,1583484992.878906
103648954,0,2100076445643998710,121.526751,39.177709,PICKUP,1583454046.781516
122081305,2,2100076487136773774,121.655768,39.252844,PICKUP,1583474940.998878
122081305,4,2100076528570205942,121.655659,39.252802,PICKUP,1583495882.544646
118805145,0,2100076487140967726,121.354324,39.168804,PICKUP,1583474534.663252
118805145,2,2100076510092461358,121.343031,39.171989,PICKUP,1583489192.128450
10405101,0,2100076522243589244,121.261651,38.959532,PICKUP,1583492022.382030
10429491,0,2100076472196302077,121.645808,39.144843,DELIVERY,1583468636.985974
103645298,0,2100076465644603231,121.602555,39.137425,PICKUP,1583465948.010228
103645298,4,2100076514984134392,121.594117,39.146636,PICKUP,1583491297.260637
10258665,0,2100076462405289686,121.506823,39.218148,PICKUP,1583465421.417200
10258665,4,2100076509083567928,121.484490,39.224202,PICKUP,1583488464.459265
118448081,0,2100076454914164163,121.630678,39.143419,DELIVERY,1583466307.881438
124686817,0,2100076472261281490,121.548819,39.158794,DELIVERY,1583469909.506388
124686817,2,2100076495181415806,121.573959,39.147984,PICKUP,1583480373.569125
124686817,4,2100076508730230527,121.571022,39.176494,PICKUP,1583488305.460306
111731282,0,2100076475420378906,121.601917,39.188189,DELIVERY,1583469547.197050
10609171,0,2100076457703376010,121.411576,39.186133,PICKUP,1583463701.701576
125102361,0,2100076520910489501,121.680768,39.014074,PICKUP,1583493821.448536
10678111,4,2100076510957667723,121.486933,39.129791,PICKUP,1583487810.829337
10584671,0,2100076466566629277,121.774771,39.098924,PICKUP,1583466017.376781
121657113,0,2100076451735504231,121.476131,39.068155,PICKUP,1583461954.119815
121657113,2,2100076479769838609,121.478141,39.049411,PICKUP,1583470111.834151
115867977,0,2100076467946522576,121.472741,39.290494,PICKUP,1583466682.834694
10469547,0,2100076455646233809,121.580880,39.097731,PICKUP,1583464725.703312
122161113,0,2100076476095432118,121.495654,39.063358,PICKUP,1583469003.819019
119749201,2,2100076472743692219,121.484755,39.117260,PICKUP,1583467856.980850
118686593,0,2100076484479059320,121.525188,39.133325,DELIVERY,1583473221.111250
10321101,0,2100076449846789942,121.709216,39.250811,PICKUP,1583460041.054408
118808889,0,2100076447646713060,121.539994,39.282170,DELIVERY,1583459961.638099
10039046,0,2100076444167112416,121.425201,39.252415,PICKUP,1583454536.005543
10039046,2,2100076464123709152,121.425201,39.252415,PICKUP,1583465967.767580
110842146,2,2100076474872792663,121.561997,39.179641,PICKUP,1583469836.255553
110842146,4,2100076503838852119,121.560832,39.190117,PICKUP,1583485956.793586
10102738,0,2100076462616216702,121.223539,39.129065,PICKUP,1583465659.973067
10249075,4,2100076507445527566,121.575151,39.103737,DELIVERY,1583488281.826984
117075241,2,2100076498733926006,121.978536,39.597545,PICKUP,1583482123.442396
118394873,0,2100076473134384321,121.486209,39.062678,DELIVERY,1583468343.672118
114716833,0,2100076463175861810,121.546723,39.207844,PICKUP,1583466020.395592
114716833,2,2100076503385277765,121.536911,39.211337,DELIVERY,1583484723.019202
114716833,4,2100076525522978065,121.530182,39.222453,PICKUP,1583493447.501783
10366255,0,2100076490589800123,121.476427,39.112630,PICKUP,1583475286.955482
10366255,2,2100076508340684550,121.468058,39.087419,PICKUP,1583487258.692358
118924601,6,2100076509546383075,121.959165,39.592626,PICKUP,1583487262.356344
10081729,2,2100076470027683088,121.529724,39.151308,PICKUP,1583467762.717877
10081729,4,2100076486171657842,121.532056,39.153504,DELIVERY,1583475103.916980
10081729,6,2100076531108152759,121.557566,39.160959,PICKUP,1583496270.724131
116989929,0,2100076452032283803,121.759805,39.123594,PICKUP,1583462235.404747
117106585,0,2100076459532027822,121.418935,39.197952,PICKUP,1583465129.127473
10392454,2,2100076452508370406,121.483934,39.164863,PICKUP,1583461215.017866
10392454,4,2100076497317201382,121.484245,39.164639,PICKUP,1583480971.500603
118667561,2,2100076473828443154,121.784582,39.109932,DELIVERY,1583469220.783640
118667561,4,2100076491051075191,121.774022,39.093326,PICKUP,1583476977.415148
117042817,0,2100076445117023880,121.202465,39.158741,DELIVERY,1583455935.778354
121778417,4,2100076524942264288,121.457112,39.301721,PICKUP,1583493291.607075
110042570,0,2100076465695196277,121.579195,39.135911,PICKUP,1583466050.504237
110042570,2,2100076493399721142,121.571883,39.135481,PICKUP,1583476938.309817
119439657,0,2100076450469938492,121.414354,39.371250,PICKUP,1583460149.811227
119663369,0,2100076446733928442,121.577319,39.109505,PICKUP,1583457747.583587
10572923,0,2100076466639864903,121.524048,39.115153,PICKUP,1583465874.838548
10572923,4,2100076495068759930,121.532067,39.115820,PICKUP,1583478518.993781
119749761,0,2100076489242216071,121.415500,39.270696,PICKUP,1583475283.044291
119749761,2,2100076512190662273,121.415442,39.270682,PICKUP,1583488622.978377
120551017,4,2100076521530131773,121.426214,39.198883,PICKUP,1583492790.710452
100681730,0,2100076463963800984,121.591005,39.135988,PICKUP,1583465596.342153
100681730,4,2100076525716637007,121.594484,39.133449,PICKUP,1583494966.006459
10239433,0,2100076456432600067,121.444467,38.971645,PICKUP,1583463988.065387
10239433,2,2100076493368854371,121.438571,38.968830,PICKUP,1583478495.512810
10239433,4,2100076511425562244,121.445553,38.971111,DELIVERY,1583488348.950963
118808241,2,2100076476910961814,121.487118,39.074469,PICKUP,1583469814.220550
118808241,6,2100076515761226878,121.487430,39.062527,PICKUP,1583489994.369806
117015105,0,2100076471618766408,121.488844,39.198957,PICKUP,1583467815.702891
10294613,0,2100076452363241412,121.428362,39.196155,DELIVERY,1583463196.144668
10294613,2,2100076462843070417,121.419770,39.187184,PICKUP,1583466875.790962
118774137,2,2100076480007767679,121.432614,39.250209,PICKUP,1583469641.176742
118774137,4,2100076520009434702,121.449158,39.255330,PICKUP,1583491829.765390
10721724,4,2100076520961837053,121.430168,39.103455,PICKUP,1583491495.219476
118781361,2,2100076463693203423,121.467271,39.297093,PICKUP,1583465603.363369
118781361,4,2100076500439663960,121.467686,39.298348,PICKUP,1583482467.688805
118781361,6,2100076524396283422,121.457634,39.298415,PICKUP,1583493474.539011
10043801,2,2100076473636849064,121.448228,39.112963,PICKUP,1583468343.078705
119666745,4,2100076518530057430,121.586449,39.128249,PICKUP,1583491067.506784
10803667,0,2100076457758295792,121.487732,39.111528,PICKUP,1583464577.143788
10803667,2,2100076485226956262,121.487925,39.111533,PICKUP,1583472617.801165
10803667,4,2100076518606505264,121.491766,39.096609,PICKUP,1583491125.788105
118347857,0,2100076466310055237,121.586679,39.028594,DELIVERY,1583466930.385761
118347857,2,2100076506404783557,121.595420,39.014698,PICKUP,1583486143.675038
10768209,0,2100076453598233831,121.406199,39.364718,PICKUP,1583462595.910721
110512450,0,2100076462383302297,121.571606,39.023558,DELIVERY,1583466003.227902
120549513,0,2100076469171324570,121.433149,38.903484,DELIVERY,1583467522.863587
10194640,0,2100076482335442746,121.416235,39.192728,PICKUP,1583470595.402989
10194640,2,2100076516128982980,121.427757,39.195993,PICKUP,1583489707.913648
10803665,0,2100076474623886580,121.471805,39.141638,PICKUP,1583468702.531720
118789185,0,2100076444535555602,121.471768,39.141737,PICKUP,1583454739.543074
118789185,2,2100076486635390390,121.487366,39.129464,PICKUP,1583473568.591428
118789185,4,2100076498044061534,121.487366,39.129464,PICKUP,1583481178.860417
118789185,6,2100076510708991861,121.487366,39.129464,PICKUP,1583489000.303839
10648133,0,2100076444218459653,121.584731,39.223164,DELIVERY,1583456676.889055
10648133,2,2100076506334496197,121.580336,39.229033,PICKUP,1583486557.640015
10325553,0,2100076457132819499,121.466218,39.159116,DELIVERY,1583463976.235717
10325553,2,2100076477039838227,121.461768,39.167526,PICKUP,1583468567.690758
