courier_id,wave_index,tracking_id,courier_wave_start_lng,courier_wave_start_lat,action_type,expect_time
117108873,2,2100076109462537657,121.539566,39.134662,PICKUP,1583118990.293040
117108873,6,2100076165408490708,121.531429,39.125733,PICKUP,1583147286.909285
10081729,0,2100076099152316283,121.532416,39.153693,PICKUP,1583111630.464515
10081729,2,2100076117392721787,121.519200,39.151162,PICKUP,1583120833.878640
10081729,4,2100076157175792929,121.536737,39.160385,PICKUP,1583144888.643475
113977305,0,2100076115730826513,121.525104,39.212165,DELIVERY,1583121300.655669
113419889,2,2100076126477911084,121.604108,39.189506,PICKUP,1583123964.403398
118970329,0,2100076115452494968,122.238437,39.366399,PICKUP,1583120441.926710
120551017,2,2100076125198255107,121.418770,39.199839,PICKUP,1583123733.367003
120551017,4,2100076169745761771,121.429551,39.201285,PICKUP,1583151362.059036
118811593,0,2100076112959735583,121.478268,39.138963,PICKUP,1583120200.073643
10670465,0,2100076113158866450,121.487149,39.117880,PICKUP,1583120148.537512
10670465,2,2100076131341108711,121.489609,39.128199,PICKUP,1583126051.696568
10670465,4,2100076149689026421,121.487847,39.128827,PICKUP,1583140289.550745
124274137,0,2100076113149527110,121.538097,39.178941,DELIVERY,1583120832.162264
106834122,0,2100076117241464042,121.574118,39.113611,DELIVERY,1583120991.800281
106834122,2,2100076152464082398,121.570222,39.115216,PICKUP,1583142284.705094
117054081,0,2100076110108754971,121.390134,39.247516,PICKUP,1583118880.972550
115025641,0,2100076110867497999,121.745365,39.527661,PICKUP,1583120152.778625
115025641,2,2100076142334313628,121.745370,39.527661,PICKUP,1583136702.379770
115025641,4,2100076173974865550,121.743600,39.547995,PICKUP,1583155760.838327
10323658,0,2100076118159754704,121.616265,39.181828,PICKUP,1583120997.153930
109772898,0,2100076139004691958,121.510814,39.169279,PICKUP,1583131995.625834
100076651,0,2100076114726356106,121.416660,39.175574,PICKUP,1583119791.273252
100076651,4,2100076145731011720,121.413080,39.202453,PICKUP,1583136425.819924
100076651,6,2100076159818401208,121.416644,39.175645,PICKUP,1583145052.010388
10614152,2,2100076126145775418,121.483154,39.205004,PICKUP,1583123053.775646
106205842,0,2100076098138015216,121.379757,39.062866,DELIVERY,1583109991.093306
106205842,4,2100076160218891760,121.402938,39.052800,DELIVERY,1583146654.584585
111069178,0,2100076098183727065,121.538044,39.172204,PICKUP,1583109421.363599
111069178,2,2100076104105134041,121.541463,39.167754,PICKUP,1583115931.274273
117027985,0,2100076109930825159,121.581518,39.211565,DELIVERY,1583119796.849896
100006950,2,2100076141339641107,121.411789,39.033671,PICKUP,1583135796.973359
10696554,0,2100076123055818331,121.480859,39.249917,PICKUP,1583122686.546876
111356426,2,2100076147913458938,121.752756,39.140196,DELIVERY,1583140256.962455
10148788,0,2100076115133760829,121.450194,39.217448,PICKUP,1583121025.855188
121974361,4,2100076162321810489,121.326982,38.979829,PICKUP,1583146853.696799
10386183,2,2100076128166642699,121.469526,39.170865,DELIVERY,1583128104.285617
10386183,4,2100076153586583043,121.468626,39.171018,DELIVERY,1583141970.101429
117054417,0,2100075987792069709,121.449907,39.095078,PICKUP,1583113012.653685
117054417,4,2100076130186266042,121.453329,39.105805,PICKUP,1583126609.501688
107874090,0,2100076100303586414,121.795742,39.156485,PICKUP,1583112137.638489
120130201,2,2100076102323111053,121.487345,39.115041,PICKUP,1583118425.665018
110944498,0,2100076099808331488,121.677350,39.068674,PICKUP,1583112363.050740
10328045,0,2100076099312551637,121.503236,39.198316,PICKUP,1583108911.984228
10328045,2,2100076118994061013,121.503205,39.198304,PICKUP,1583122354.256850
10328045,4,2100076137888843477,121.503339,39.198339,PICKUP,1583131056.252073
10328045,6,2100076156255471317,121.503264,39.198334,DELIVERY,1583144141.168743
10328045,8,2100076168296400597,121.499129,39.205310,PICKUP,1583150921.249610
117069353,0,2100076099697182304,121.672535,39.171305,DELIVERY,1583109808.061656
117069353,2,2100076125077767878,121.659710,39.158823,DELIVERY,1583123723.952218
10417888,0,2100076105458583014,121.484492,39.164972,PICKUP,1583115425.772258
10417888,2,2100076121309185124,121.482539,39.162556,PICKUP,1583122524.461309
123459073,0,2100076112216163587,121.575410,39.152015,DELIVERY,1583121351.785203
10609171,0,2100076118344336875,121.407890,39.190685,PICKUP,1583120626.118261
117160881,2,2100076137883665864,121.543372,39.083383,PICKUP,1583130497.361239
101266154,0,2100076105703326913,121.377977,39.122925,DELIVERY,1583119136.450591
102505146,0,2100076100560880912,121.531795,39.250823,PICKUP,1583108957.933913
102505146,2,2100076093576644047,121.549699,39.247150,PICKUP,1583113680.990157
102505146,4,2100076113834476816,121.549749,39.247033,PICKUP,1583120243.435972
102505146,6,2100076129126418036,121.549699,39.247150,PICKUP,1583124986.479271
123384985,0,2100076127508595719,121.525157,39.244647,PICKUP,1583124541.575521
10250573,0,2100076108381979933,121.526551,39.335220,PICKUP,1583117587.134310
10250573,4,2100076161314358727,121.552287,39.310611,DELIVERY,1583146471.678849
121957913,0,2100076121993807573,121.504278,39.200262,PICKUP,1583122285.177186
121957913,2,2100076136961935061,121.503551,39.200317,DELIVERY,1583131251.140084
121957913,4,2100076150787573461,121.503149,39.198402,PICKUP,1583140521.019946
101009538,0,2100076111770813731,121.799423,39.145361,PICKUP,1583119234.620858
101009538,2,2100076133604263483,121.786504,39.146960,DELIVERY,1583127186.577011
101009538,4,2100076154634831795,121.799501,39.145131,PICKUP,1583141737.710266
118667561,0,2100076110504461647,121.778755,39.094599,PICKUP,1583118978.163164
118667561,4,2100076164296509411,121.753895,39.099376,DELIVERY,1583148220.439135
101943338,0,2100076102103401705,121.675408,39.271064,PICKUP,1583114570.163153
10416004,0,2100076113791845540,121.465827,39.211356,PICKUP,1583122010.988750
10038649,0,2100076115454068727,121.356832,39.289585,DELIVERY,1583121706.149865
10038649,2,2100076153004591093,121.340471,39.295182,DELIVERY,1583142008.185615
117052073,2,2100076117336524137,121.450202,39.091562,PICKUP,1583120589.730674
10799255,0,2100076107044521236,121.594807,39.215203,PICKUP,1583118255.495368
10138087,0,2100076097137411708,121.429767,39.198966,DELIVERY,1583115186.321674
118673761,2,2100076114132534381,121.764668,39.102181,PICKUP,1583120384.086202
118673761,4,2100076157928703989,121.755382,39.096758,PICKUP,1583144289.933721
10762615,0,2100076110278166124,121.580164,39.149287,DELIVERY,1583119470.933851
10762615,4,2100076165781488786,121.579946,39.148747,PICKUP,1583148043.819115
116034321,0,2100076117855733268,121.557060,39.103644,PICKUP,1583121992.602513
116034321,4,2100076164156098239,121.557181,39.089551,DELIVERY,1583148454.338031
10405101,0,2100076104968242419,121.249028,38.952499,DELIVERY,1583120244.130479
10405101,2,2100076161949992857,121.238853,38.949020,PICKUP,1583146613.951430
10664091,0,2100076104068597627,121.528913,39.144093,PICKUP,1583116008.887669
10664091,2,2100076127205066434,121.520023,39.158770,PICKUP,1583123854.208365
10664091,6,2100076168081016046,121.506970,39.169348,PICKUP,1583149016.868451
10311341,0,2100076100259546793,121.707464,39.250262,PICKUP,1583110914.109889
10311341,8,2100076156126857150,121.707839,39.266812,PICKUP,1583145020.347824
112996714,0,2100076093203482369,121.365262,39.152412,PICKUP,1583111923.537075
118795745,0,2100076118989211179,121.484569,39.148065,PICKUP,1583121884.530614
118795745,2,2100076134268765671,121.487429,39.140415,DELIVERY,1583128737.220900
10650683,0,2100076095479285508,121.533695,39.199879,DELIVERY,1583112667.152894
10650683,2,2100076115850626710,121.514344,39.194579,DELIVERY,1583121566.427448
10650683,4,2100076157363848342,121.537625,39.201390,PICKUP,1583143990.707933
10650683,6,2100076169720760294,121.530086,39.204167,PICKUP,1583151012.412931
109903274,0,2100076109130499736,121.765803,39.398430,PICKUP,1583119125.736127
10164305,0,2100076113015309335,121.563479,39.112934,PICKUP,1583120277.185005
10164305,2,2100076130130789595,121.593874,39.111973,DELIVERY,1583126099.488669
100149376,2,2100076126493050414,121.457202,39.218749,PICKUP,1583123546.165389
10793094,0,2100076123900184411,121.701075,39.146078,PICKUP,1583122862.288162
117075241,2,2100076108529436016,121.976091,39.598271,DELIVERY,1583119621.737492
117075241,4,2100076124843377877,121.967609,39.606455,DELIVERY,1583124200.256406
117075241,6,2100076154354795531,121.960831,39.593825,PICKUP,1583142455.474500
10711258,0,2100076115171804278,121.552486,39.141586,PICKUP,1583120690.751448
10619176,0,2100076099674506299,121.425972,39.182649,DELIVERY,1583109663.199630
10619176,2,2100076108492146480,121.434501,39.212263,PICKUP,1583119150.882134
122881657,0,2100076117345699193,121.713009,39.144137,DELIVERY,1583121208.620331
122881657,2,2100076143443936270,121.725119,39.141938,PICKUP,1583135056.801170
117067361,4,2100076157734290461,121.661015,39.169390,PICKUP,1583144261.875860
114783777,0,2100076120924914910,121.373977,39.097421,PICKUP,1583122388.354318
10731534,0,2100076114073257219,121.353643,39.428177,PICKUP,1583120507.199468
10731534,4,2100076153991235545,121.353344,39.430296,PICKUP,1583142677.995664
118310905,0,2100076108410259201,121.251717,38.948950,PICKUP,1583117747.972179
10282135,0,2100076091718075911,121.458941,39.176684,PICKUP,1583114706.314909
10282135,4,2100076146736498183,121.458934,39.176109,PICKUP,1583139239.775189
107130514,0,2100076127011767763,121.233815,39.132255,DELIVERY,1583126137.094130
120601473,0,2100076099736962546,121.484218,39.186963,PICKUP,1583110794.569226
120601473,4,2100076150347138692,121.483070,39.197472,DELIVERY,1583139915.565333
120601473,6,2100076153583830976,121.485654,39.194739,DELIVERY,1583144436.299722
118918993,0,2100076115202934308,121.974177,39.594064,PICKUP,1583120342.945874
118918993,4,2100076149667955723,121.959116,39.592581,PICKUP,1583139624.843446
10208063,0,2100076091824145632,121.486594,39.024287,DELIVERY,1583114040.401670
10208063,2,2100076129933526770,121.481106,39.014492,PICKUP,1583125228.907572
10278503,2,2100076130341422962,121.643812,39.135319,DELIVERY,1583125763.944399
10278503,4,2100076173145540069,121.649143,39.141212,PICKUP,1583157427.695307
122942881,4,2100076175297218164,121.630438,39.134918,PICKUP,1583157811.727504
120991385,0,2100076116954187257,121.443642,38.979118,PICKUP,1583120634.249132
120991385,2,2100076129304774600,121.445000,38.971420,PICKUP,1583127016.710428
10335674,0,2100076119763453726,121.543144,39.079121,PICKUP,1583122328.474085
105974626,2,2100076151767532859,121.571001,39.135185,PICKUP,1583142840.995802
120550817,0,2100076114248631299,121.418699,39.199960,PICKUP,1583121028.095643
120550817,4,2100076166083970684,121.431553,39.198692,DELIVERY,1583148983.063669
110105858,0,2100076134635898457,121.524956,39.132388,PICKUP,1583128318.301157
110105858,4,2100076162996798741,121.546461,39.133508,PICKUP,1583147921.774459
117051577,0,2100076108503615413,121.231973,39.111668,PICKUP,1583118703.982739
117051577,6,2100076170804266401,121.223707,39.110081,PICKUP,1583152876.396173
118559025,0,2100076098711913907,121.213168,38.945510,PICKUP,1583109482.930935
117028241,0,2100076121071977594,121.320043,39.142728,PICKUP,1583122256.898167
117028241,2,2100076157751952871,121.299587,39.141000,PICKUP,1583144147.257308
118798201,6,2100076125473834770,121.494238,39.119695,DELIVERY,1583123940.747818
118798201,10,2100076162677277836,121.473757,39.133293,DELIVERY,1583148240.044549
114286177,0,2100076119676093544,121.569179,39.095623,PICKUP,1583121518.473869
114286177,2,2100076155932247632,121.569233,39.098096,DELIVERY,1583144051.157063
10781084,0,2100076098271348691,121.407000,39.084115,DELIVERY,1583116751.776580
10781084,2,2100076123443332233,121.426871,39.085804,PICKUP,1583122557.802999
125996858,0,2100076111113356623,121.446994,39.210705,PICKUP,1583118894.323477
10194017,2,2100076111807711042,121.465992,39.158874,PICKUP,1583119365.703135
123763529,0,2100076114619434202,121.560212,39.176317,PICKUP,1583119465.554749
123763529,2,2100076124689172129,121.562827,39.175918,PICKUP,1583124615.612417
117672601,0,2100076108915770853,121.754035,39.110474,PICKUP,1583118372.270480
117672601,2,2100076134910822070,121.753542,39.111398,PICKUP,1583127898.580423
111269722,0,2100076099684664818,121.485345,39.186044,PICKUP,1583109818.147727
111269722,4,2100076152073126986,121.472551,39.199430,PICKUP,1583141577.316640
111269722,6,2100076172607751752,121.495300,39.208425,PICKUP,1583153578.182295
10774871,0,2100076109105300761,121.433703,39.198708,PICKUP,1583120820.830070
10774871,4,2100076156848047385,121.428192,39.196086,PICKUP,1583145044.362557
10232969,0,2100076113285875369,121.459473,39.107249,PICKUP,1583119273.265604
116989929,0,2100076104971224219,121.764838,39.123103,PICKUP,1583116405.741759
123025297,0,2100076114519721875,121.558869,39.140131,PICKUP,1583120444.138711
102895674,0,2100076105702802743,121.447027,39.210774,PICKUP,1583117780.760632
102928218,0,2100076114516510312,121.552147,39.139639,PICKUP,1583120693.133885
118796473,0,2100076112598075352,121.420052,39.160954,PICKUP,1583120528.526582
118789929,4,2100076128821348249,121.488457,39.140613,PICKUP,1583125221.483190
116446601,0,2100076117339473666,121.524315,39.255525,PICKUP,1583121138.806721
116446601,2,2100076158071899707,121.530233,39.249488,PICKUP,1583145149.732515
118686593,0,2100076117521630919,121.523272,39.133284,PICKUP,1583122743.681520
118686593,2,2100076149807449652,121.523338,39.133156,PICKUP,1583140999.669723
10393533,0,2100076107729372874,121.655703,39.252780,PICKUP,1583119473.817969
10304094,2,2100076130408761266,121.506426,39.164567,PICKUP,1583126012.128559
117779017,0,2100076107057268413,121.340552,39.119593,PICKUP,1583117289.348773
117779017,2,2100076131090269975,121.340009,39.123952,PICKUP,1583127299.691437
117779017,4,2100076144113977021,121.318575,39.111321,PICKUP,1583135499.243602
117779017,6,2100076158144874256,121.350230,39.107557,PICKUP,1583144569.766245
10763831,0,2100076119634020022,121.648538,39.183491,PICKUP,1583121916.804242
102386650,0,2100076108551062629,121.479260,39.211400,DELIVERY,1583119476.547593
107699026,4,2100076149886125816,121.453925,39.199964,PICKUP,1583140844.016035
10392452,2,2100076118613427808,121.483698,39.165902,PICKUP,1583121094.606443
118690377,4,2100076152253482942,121.709251,39.258131,PICKUP,1583142671.714715
118690377,6,2100076163829007988,121.710345,39.263142,PICKUP,1583147215.290435
118427817,0,2100076099081766161,121.540864,39.211705,PICKUP,1583110086.496803
10117471,0,2100076111496479880,121.407969,39.190150,PICKUP,1583119527.059817
10199051,0,2100076109157271136,121.466825,39.095106,PICKUP,1583120358.705980
118805001,0,2100076125149430905,121.382743,39.161837,DELIVERY,1583126881.664892
118805001,2,2100076165682988153,121.383100,39.161691,DELIVERY,1583155099.410542
10324609,0,2100076126882301616,121.590750,39.131496,PICKUP,1583124104.754661
10324609,2,2100076168384481264,121.592217,39.126383,DELIVERY,1583149827.543767
117916001,2,2100076121024431664,121.408200,39.189932,PICKUP,1583123452.213942
113186569,2,2100076127481267388,121.353476,39.429687,PICKUP,1583123785.241085
113186569,4,2100076143320073879,121.342672,39.431596,DELIVERY,1583137148.171105
10711180,0,2100076118690334611,121.523804,39.285702,PICKUP,1583121232.664383
10711180,2,2100076149611005272,121.529089,39.288774,PICKUP,1583141966.654023
102117082,4,2100076147861357958,121.460445,39.284050,PICKUP,1583142897.242607
118819825,0,2100076124777056166,121.581127,39.211470,PICKUP,1583123531.253988
10249075,0,2100076109355779940,121.578334,39.109398,PICKUP,1583118177.111006
10249075,6,2100076153384076428,121.578703,39.109401,DELIVERY,1583142166.021486
10787521,2,2100076120072848413,121.490899,39.296813,PICKUP,1583121591.388712
10787521,4,2100076153799411230,121.472044,39.291665,PICKUP,1583142081.366302
10787521,6,2100076161654457485,121.495787,39.295210,DELIVERY,1583146911.932107
122726849,0,2100076140049335974,121.544152,39.083485,PICKUP,1583133720.543805
122726849,2,2100076155158070969,121.546976,39.083975,PICKUP,1583144058.648717
122420209,2,2100076112067561291,121.435865,39.183033,DELIVERY,1583119516.362991
118800777,0,2100076113015801513,121.492748,39.175710,PICKUP,1583120140.546257
118800777,4,2100076163651503412,121.468725,39.169952,DELIVERY,1583147049.983138
120817089,2,2100076155791541306,121.676308,39.014107,PICKUP,1583143239.008389
125387458,0,2100076107065590992,121.610122,39.136466,PICKUP,1583118991.419918
113736177,6,2100076160792168010,121.551552,39.151316,PICKUP,1583145905.695401
124981409,2,2100076127118788477,121.527612,39.277332,DELIVERY,1583124527.962271
117068537,2,2100076110529365424,121.960975,39.591951,PICKUP,1583118771.559219
117068537,4,2100076122713294766,121.960975,39.591951,PICKUP,1583122745.828286
117068537,6,2100076150697756016,121.959175,39.593175,PICKUP,1583141148.708684
117428305,0,2100076149297022038,121.523145,39.279784,PICKUP,1583141134.373579
117031321,0,2100076111135966718,121.573786,39.173198,DELIVERY,1583119560.123094
10306647,0,2100076121829508515,121.532780,39.083250,PICKUP,1583122102.807856
119071601,0,2100076107783734424,121.530581,39.201316,PICKUP,1583117027.566136
10392454,0,2100076099341518269,121.484368,39.164544,PICKUP,1583109516.293853
10392454,2,2100076111566178102,121.481465,39.152859,PICKUP,1583119071.051978
10487413,2,2100076130267071716,121.527793,39.277057,PICKUP,1583126295.858332
10487413,4,2100076158435231449,121.529948,39.275699,PICKUP,1583145907.528762
10803665,0,2100076115962398687,121.490035,39.122061,DELIVERY,1583120648.634689
10319692,0,2100076116499334256,121.310163,39.143139,PICKUP,1583121572.272972
10319692,2,2100076092205893376,121.310070,39.143533,PICKUP,1583142068.567377
118810873,0,2100076100395501031,121.484753,39.146021,PICKUP,1583111783.185468
118810873,2,2100076113310156253,121.504778,39.140953,PICKUP,1583119379.019865
118810873,6,2100076166076695800,121.491499,39.119899,PICKUP,1583148189.618826
115598089,0,2100076109347882875,121.452539,39.127877,PICKUP,1583119467.920238
115598089,4,2100076155479852436,121.470918,39.125226,PICKUP,1583143762.365663
117055625,0,2100076102887638520,121.499767,39.075250,PICKUP,1583120171.777080
117055625,2,2100076137262024462,121.501863,39.075153,PICKUP,1583129985.993090
117055625,6,2100076165109188357,121.514616,39.083370,PICKUP,1583147476.859838
112007530,0,2100076115805636369,121.535699,39.083387,PICKUP,1583121672.468891
112007530,2,2100076150829646862,121.535561,39.075523,PICKUP,1583141629.893453
10477197,0,2100076099442771480,121.528043,39.063466,PICKUP,1583111485.823523
118802153,0,2100076129529955852,121.519212,39.223198,PICKUP,1583124898.995998
117031713,0,2100076120882841023,121.522021,39.216628,DELIVERY,1583122010.324391
10281321,0,2100076099260057072,121.972645,39.601758,PICKUP,1583106822.918222
120434978,0,2100076118630172480,121.404825,39.034660,DELIVERY,1583122978.926419
120434978,2,2100076140283069517,121.421188,39.042914,PICKUP,1583132642.961124
120434978,4,2100076151866426417,121.413250,39.042928,PICKUP,1583142721.088238
104838370,2,2100076115650938858,121.469634,39.161879,PICKUP,1583120502.709187
121788009,0,2100076116236109069,121.529254,39.063645,PICKUP,1583120683.348379
118448081,0,2100076121676154570,121.630691,39.142240,PICKUP,1583122160.923308
117066833,2,2100076124728657786,121.670516,39.168928,DELIVERY,1583123876.665864
10182539,0,2100076118057486097,121.490508,39.020432,PICKUP,1583121120.727517
108061506,0,2100076097371997838,121.446276,39.297665,DELIVERY,1583112439.437974
108061506,2,2100076121762858418,121.431747,39.308523,PICKUP,1583122269.260032
108061506,6,2100076159614453400,121.445635,39.302613,PICKUP,1583145394.973095
112597122,2,2100076147457557634,121.617345,39.133916,PICKUP,1583138754.977044
117108641,2,2100076118330344960,121.466403,39.107152,PICKUP,1583120962.792111
115777233,0,2100076114969658414,122.225023,39.360069,PICKUP,1583120298.625810
10094682,0,2100076103038633336,121.526174,39.132915,PICKUP,1583119611.484226
10622520,0,2100076102353487330,121.616126,39.156749,PICKUP,1583120948.493809
10622520,2,2100076155799602892,121.621174,39.154392,DELIVERY,1583143781.568409
10596763,0,2100076128249054996,121.661864,39.168572,PICKUP,1583125163.770407
10596763,2,2100076161599145665,121.660468,39.171456,PICKUP,1583147637.647149
10408117,0,2100076114908743634,121.581844,39.109027,PICKUP,1583120808.318337
10408117,4,2100076155490863098,121.574719,39.102375,DELIVERY,1583145261.691966
112044866,0,2100076099773990407,121.800539,39.131883,PICKUP,1583112512.094149
101579522,0,2100076101940020285,121.563509,39.135757,PICKUP,1583112411.272776
110624410,0,2100076109582533942,121.463468,39.084927,PICKUP,1583118570.531100
110624410,2,2100076138426533481,121.483026,39.083262,PICKUP,1583132544.385516
10645907,0,2100076108164629724,121.436503,39.294473,PICKUP,1583119350.598403
10645907,6,2100076154715506634,121.443063,39.296316,PICKUP,1583142097.659111
10659267,2,2100076126504060425,121.596307,39.201940,PICKUP,1583125341.925239
116706233,4,2100076140369675824,121.532934,39.250784,DELIVERY,1583136192.214301
103216506,0,2100076103673579134,121.616505,39.111027,DELIVERY,1583117795.163771
103216506,2,2100076129899152883,121.603274,39.113651,DELIVERY,1583125345.752324
125608938,4,2100076107326097378,121.604103,39.202708,PICKUP,1583118396.069175
100166169,0,2100076104806434682,121.551293,39.151708,PICKUP,1583114640.346817
103648954,0,2100076106067412928,121.524334,39.184729,PICKUP,1583119004.119438
103648954,2,2100076159266915338,121.523027,39.179655,PICKUP,1583144655.084634
10319201,0,2100076110842037390,121.753959,39.110528,PICKUP,1583119257.004690
10319201,2,2100076151451616978,121.759089,39.105416,PICKUP,1583141304.955594
10783757,0,2100076102790579857,121.368166,39.107344,PICKUP,1583116334.010922
10783757,2,2100076165297341672,121.368190,39.107329,PICKUP,1583148292.428962
10271563,0,2100076115220497468,121.496940,39.059731,PICKUP,1583120579.724025
10457899,0,2100076110931986295,121.751037,39.548068,PICKUP,1583119447.653115
10457899,4,2100076141103383723,121.746381,39.529802,PICKUP,1583135203.167693
105233010,2,2100076108504172411,121.531369,39.142290,DELIVERY,1583120159.281094
118981753,0,2100076126887086051,121.707851,39.266785,PICKUP,1583124041.844362
10282591,2,2100076113639540048,121.520345,39.207049,PICKUP,1583120932.346912
10282591,6,2100076165330798302,121.537515,39.206694,PICKUP,1583149158.594444
118200593,0,2100076117050001275,121.527512,39.150963,DELIVERY,1583121699.189999
10659886,4,2100076155908425328,121.227230,39.152684,DELIVERY,1583143959.442147
118823393,0,2100076117936473263,121.476971,39.144019,PICKUP,1583120767.187619
10476665,0,2100076095358666479,121.761661,39.106176,PICKUP,1583108445.536351
115861121,2,2100076117857601000,121.411706,39.097328,PICKUP,1583122662.135408
115861121,4,2100076160960235515,121.397616,39.107704,PICKUP,1583145936.578793
10126649,2,2100076104200193462,121.687635,39.140860,PICKUP,1583114328.911428
10126649,4,2100076125783000502,121.687689,39.140817,PICKUP,1583123979.437110
10232315,0,2100076091429095036,121.424107,39.196652,PICKUP,1583114214.832967
118802473,2,2100076130860860680,121.527966,39.277127,PICKUP,1583125457.678794
118802473,4,2100076155251656106,121.527717,39.277008,PICKUP,1583143470.436811
101147106,4,2100076117598144254,121.422198,39.193390,DELIVERY,1583121791.829375
122093097,0,2100076104969651738,121.567735,39.151673,PICKUP,1583124718.499410
124924697,2,2100076156833530965,121.939655,39.590225,PICKUP,1583144797.305173
118916297,0,2100076099526723056,121.957992,39.598291,PICKUP,1583105873.843165
10608129,0,2100076123022361943,121.527350,39.275388,PICKUP,1583122477.001359
102837378,0,2100076099502671578,121.450549,39.151785,PICKUP,1583112192.899891
115862809,0,2100076121642141256,121.482211,39.210353,PICKUP,1583122686.201853
116133289,4,2100076156285125919,121.468268,39.160610,PICKUP,1583143863.870009
118006553,2,2100076115145328363,121.426369,38.902198,PICKUP,1583120649.275489
118006553,4,2100076133894915984,121.430440,38.905794,DELIVERY,1583129315.921815
118006553,6,2100076141483984752,121.434165,38.888240,PICKUP,1583134254.461267
118006553,8,2100076152974673808,121.434914,38.903987,PICKUP,1583141646.261906
118666249,0,2100076104536294932,121.769730,39.107951,PICKUP,1583116037.334633
107736970,0,2100076111262189097,121.536881,39.105969,DELIVERY,1583120248.722769
10775373,2,2100076134398657762,121.557390,39.178778,PICKUP,1583128660.285711
10815609,2,2100076122668663946,121.422261,39.177876,PICKUP,1583122425.193667
10815609,4,2100076145472079777,121.407636,39.189883,PICKUP,1583136921.079063
10183941,0,2100076114504026066,121.570299,39.102146,DELIVERY,1583120992.630437
102064138,2,2100076116310492983,121.446974,39.196314,PICKUP,1583121889.099129
117108625,0,2100076119586375248,121.418463,39.202190,PICKUP,1583121591.495678
117108625,4,2100076168613496400,121.438137,39.193640,DELIVERY,1583151623.561562
114251585,0,2100076125020718601,121.356682,39.289422,PICKUP,1583123809.459678
117024145,0,2100076112425977839,121.479021,39.072074,DELIVERY,1583121104.890985
117024145,4,2100076142239778720,121.474544,39.071600,PICKUP,1583134987.304091
117109065,0,2100076108447975419,121.430281,39.093738,DELIVERY,1583120421.126357
117109065,2,2100076140667962974,121.438707,39.109129,PICKUP,1583136458.480334
10712014,0,2100076119167797044,121.422896,39.151227,PICKUP,1583121983.512668
10712014,2,2100076150300345964,121.409569,39.149945,PICKUP,1583141765.734560
118662905,0,2100076121787499662,121.549995,39.083767,PICKUP,1583122545.645870
118662905,4,2100076152067228982,121.548951,39.083592,PICKUP,1583141918.818864
118789185,2,2100076124988048861,121.490465,39.139926,DELIVERY,1583123776.075476
118789345,4,2100076125461021883,121.558562,39.198567,PICKUP,1583123777.182549
10782205,0,2100076117878277414,121.765160,39.123098,PICKUP,1583121909.772840
10416907,0,2100076119407297892,121.458081,39.290440,PICKUP,1583121698.199522
10416907,2,2100076172030379910,121.431246,39.288270,PICKUP,1583152827.546770
10416907,4,2100076174738753482,121.436311,39.294728,PICKUP,1583160125.410164
122154985,0,2100076120800954122,121.572750,39.206517,PICKUP,1583122659.489378
122154985,4,2100076167721191270,121.595660,39.210544,PICKUP,1583148543.785808
118800337,0,2100076116615365905,121.520168,39.223162,PICKUP,1583120940.746901
118800337,2,2100076165604312337,121.521663,39.216612,PICKUP,1583149192.021344
118760649,0,2100076104333198490,121.476443,39.122459,PICKUP,1583114928.444490
103328290,2,2100076147500876818,121.220134,39.125239,PICKUP,1583140385.288582
103328290,4,2100076163331622695,121.223490,39.129246,PICKUP,1583147527.188225
118811881,0,2100076116567885537,121.453420,39.105950,PICKUP,1583120243.732673
10194640,2,2100076120932878276,121.428697,39.196507,PICKUP,1583122358.137279
113782457,2,2100076149199111399,121.417820,39.260421,DELIVERY,1583140681.654311
117024545,0,2100076117812249845,121.431952,39.232748,PICKUP,1583121755.747795
10816376,0,2100076109844546604,121.428324,39.196088,PICKUP,1583118624.069251
110958146,0,2100076110320600304,121.599558,39.208045,PICKUP,1583120353.918100
110958146,2,2100076126042490542,121.598803,39.195699,DELIVERY,1583125739.963913
123510313,0,2100076114630706332,121.746207,39.532323,PICKUP,1583119867.294819
123510313,2,2100076137586918556,121.746250,39.533961,DELIVERY,1583131994.312251
10112683,0,2100076117059273738,121.448333,38.990838,PICKUP,1583121201.353540
10112683,4,2100076158377396168,121.444070,38.989419,PICKUP,1583144465.870080
123314609,0,2100076092259140833,121.400466,39.234512,PICKUP,1583111642.369229
123314609,2,2100076147269666017,121.384390,39.233911,PICKUP,1583139455.011174
118797201,0,2100076100775609492,121.500959,39.098104,DELIVERY,1583112079.912139
118797201,2,2100076110176486541,121.519667,39.115053,PICKUP,1583119879.289032
118797201,6,2100076155460585262,121.472083,39.101514,PICKUP,1583143807.068806
118797201,8,2100076168172471853,121.496893,39.096610,PICKUP,1583149786.349051
108136778,0,2100076105329182182,121.483931,39.164699,PICKUP,1583116685.406196
108136778,2,2100076124028601830,121.482369,39.160330,DELIVERY,1583123972.440993
118665761,0,2100076100134471248,121.779130,39.096654,DELIVERY,1583115055.974023
118665761,6,2100076158596908126,121.770902,39.106107,PICKUP,1583144542.469841
10668497,0,2100076130862532207,121.707796,39.266792,PICKUP,1583125715.624606
10097074,0,2100076138912712567,121.303492,39.136717,PICKUP,1583131426.980652
10097074,2,2100076144877570009,121.304509,39.128890,PICKUP,1583136993.352643
116737865,0,2100076070234096754,121.560335,39.060756,PICKUP,1583111837.536241
116737865,2,2100076122051052686,121.584394,39.049286,PICKUP,1583122152.077558
114454825,0,2100076120948213515,121.513801,39.025206,PICKUP,1583122962.584286
114454825,2,2100076160470353704,121.514997,39.040998,PICKUP,1583144328.376417
117464353,0,2100076100326590242,121.626702,39.037112,PICKUP,1583111022.283519
117464353,2,2100076120752850717,121.600974,39.000199,DELIVERY,1583124621.357717
117464353,8,2100076169849275868,121.618920,39.013059,PICKUP,1583153299.148035
10724729,0,2100076102108743002,121.433573,39.065566,PICKUP,1583115150.011852
10724729,2,2100076132657497323,121.440956,39.065637,PICKUP,1583125985.247378
10724729,4,2100076162881455348,121.433685,39.065700,PICKUP,1583146738.892251
103679442,0,2100076114633590674,121.484755,39.164477,PICKUP,1583120232.613491
10742004,0,2100076121339102667,121.487716,39.117445,PICKUP,1583122888.377469
10742004,2,2100076163280603039,121.468077,39.131796,DELIVERY,1583147489.597220
109539178,2,2100076113990584217,121.490812,39.185688,PICKUP,1583119457.786781
109539178,4,2100076133197678160,121.523803,39.183792,DELIVERY,1583129207.244880
109539178,6,2100076144790275883,121.524010,39.184349,DELIVERY,1583136980.093046
10797771,2,2100076123506476119,121.485628,39.062019,PICKUP,1583123286.898309
117022737,2,2100076123693287323,121.424887,39.252018,DELIVERY,1583124602.294403
118820073,0,2100076115354813923,121.604021,39.189813,PICKUP,1583122716.657630
10305435,0,2100076121448744665,121.543371,39.076228,PICKUP,1583122413.618127
10305435,2,2100076156534818275,121.548762,39.083680,DELIVERY,1583145296.141483
120882097,2,2100076116839270288,121.431723,38.905887,PICKUP,1583121863.049840
10100267,2,2100076128999311351,121.415467,39.270677,DELIVERY,1583126052.259067
10100267,4,2100076166062245558,121.415455,39.270631,PICKUP,1583148502.979226
102449370,0,2100076110806680671,121.688666,39.223863,DELIVERY,1583119948.365234
102449370,2,2100076146223646667,121.685907,39.227564,PICKUP,1583139083.872220
102449370,4,2100076160926254589,121.665133,39.248424,PICKUP,1583145666.255698
102748698,4,2100076163950413104,121.571664,39.135820,PICKUP,1583147287.861666
123397273,0,2100076116533117980,121.625104,39.146330,DELIVERY,1583122538.478414
114323969,0,2100076107046324188,121.527762,39.276765,PICKUP,1583118246.272253
114323969,2,2100076120720017245,121.527915,39.276902,PICKUP,1583122817.420725
118805049,0,2100076101611718119,121.486468,39.136569,DELIVERY,1583112271.009761
101437378,0,2100076126246700522,121.590362,39.111635,PICKUP,1583124207.697905
10515576,0,2100076110761953152,121.617386,39.133903,DELIVERY,1583119617.823436
10515576,2,2100076138906813922,121.610248,39.133663,PICKUP,1583131335.913124
123213849,0,2100076103719618198,121.557639,39.183418,PICKUP,1583118265.118816
10248665,6,2100076157517825572,121.396341,39.131039,PICKUP,1583144929.830110
112027066,0,2100076117169473168,121.353246,39.429777,PICKUP,1583120857.668917
120508210,2,2100076139387881295,121.809423,39.136678,PICKUP,1583133681.936417
124001625,0,2100076126121723774,121.535928,39.251538,PICKUP,1583123082.539392
124001625,2,2100076138721675217,121.535652,39.259446,PICKUP,1583133426.609379
10007871,0,2100076113216276281,121.631225,39.142331,DELIVERY,1583120859.904154
106581010,0,2100076098769684223,121.642653,39.144071,DELIVERY,1583111027.172027
106973146,0,2100076103662372157,121.603026,39.132851,DELIVERY,1583116056.467818
113666817,2,2100076141042501127,121.456415,39.184752,PICKUP,1583135241.336882
118798041,0,2100076104252753850,121.486474,39.145785,DELIVERY,1583114134.224358
102499938,0,2100076099466069846,121.529050,39.250967,PICKUP,1583111283.401700
10075573,0,2100076113986094640,121.554151,39.139112,PICKUP,1583120366.403862
10642055,0,2100076107292771502,121.544915,39.135083,PICKUP,1583119323.375789
10458730,0,2100076130461976534,121.613093,39.189818,PICKUP,1583125396.941730
10458730,2,2100076155243922452,121.603492,39.205817,PICKUP,1583142374.642939
118894089,2,2100076106336896882,121.533584,39.158705,PICKUP,1583118398.113611
10181667,2,2100076126128211348,121.413032,39.149980,DELIVERY,1583123661.635164
10181667,4,2100076141237601977,121.419634,39.161120,PICKUP,1583133675.460143
10181667,6,2100076153853314193,121.422891,39.151427,PICKUP,1583143037.926181
122244937,0,2100076108642846195,121.553886,39.139635,PICKUP,1583119655.793158
118917177,0,2100076111477769227,121.958877,39.590418,PICKUP,1583119588.534858
10633991,0,2100076122838730645,121.417030,39.185274,PICKUP,1583122742.454823
10527162,0,2100076128435308182,121.612176,39.189154,PICKUP,1583125015.462194
121163233,0,2100076105256305842,121.352640,39.054311,PICKUP,1583116716.699416
118817865,0,2100076122316801169,121.422896,39.151535,DELIVERY,1583123594.379186
118817865,2,2100076155800127448,121.433022,39.146530,DELIVERY,1583144358.239607
118808025,0,2100076110014874799,121.474567,39.134945,PICKUP,1583118855.838634
118248009,0,2100076104650098063,121.416964,39.203238,PICKUP,1583118262.966832
118248009,2,2100076123130299722,121.424279,39.203373,DELIVERY,1583122503.874784
118760809,2,2100076119737795704,121.459557,39.145999,PICKUP,1583122053.328597
118760809,4,2100076162329642453,121.470738,39.141478,PICKUP,1583146928.190758
118792033,0,2100076115536086198,121.527863,39.277040,PICKUP,1583120861.980204
10083928,0,2100076100406609613,121.595218,39.207286,PICKUP,1583111397.559696
125157297,2,2100076121460573914,121.608653,39.097491,PICKUP,1583122721.623895
10676669,0,2100076109331629688,121.548372,39.083441,PICKUP,1583119615.641968
10676669,2,2100076133163632193,121.548372,39.083441,PICKUP,1583142159.808349
100002652,0,2100076114475452049,121.565705,39.150086,PICKUP,1583120509.041772
121572297,0,2100076116252558671,121.760806,39.095138,PICKUP,1583120281.998337
116050601,2,2100076165149689417,121.569549,39.151723,PICKUP,1583147251.874009
118787177,0,2100076154515129653,121.516061,39.031540,PICKUP,1583142990.064304
10784899,2,2100076119882172181,121.554322,39.183931,PICKUP,1583121130.244852
10784899,4,2100076128599508104,121.552316,39.179266,PICKUP,1583125462.846849
10784899,6,2100076161148126434,121.539548,39.177157,DELIVERY,1583145082.958785
118818985,2,2100076106485302690,121.468393,39.298284,PICKUP,1583117457.968563
118818985,4,2100076119187195897,121.452192,39.298038,PICKUP,1583121379.529250
118818985,10,2100076159639389752,121.459786,39.298005,PICKUP,1583145161.057357
102693874,0,2100076099709699553,121.595214,39.207439,PICKUP,1583114748.416028
102693874,2,2100076124618196007,121.580698,39.219762,PICKUP,1583123952.349424
10619173,0,2100076101959780341,121.402487,39.196325,PICKUP,1583115270.682031
10756966,0,2100076111926396477,121.459407,39.248638,PICKUP,1583121190.615646
123497569,0,2100076118117746685,121.436041,39.183098,PICKUP,1583120920.872636
123497569,2,2100076157749298790,121.435991,39.183086,PICKUP,1583144764.263740
101419538,0,2100076098684224612,121.643197,39.142887,PICKUP,1583109427.418985
101419538,2,2100076119964222764,121.617049,39.133698,PICKUP,1583121326.509782
101419538,6,2100076162224883458,121.612356,39.133671,PICKUP,1583146382.304190
101419538,8,2100076172068160812,121.617194,39.133753,PICKUP,1583153209.669392
118888121,0,2100076119640081556,121.520154,39.223272,PICKUP,1583121447.970512
10598602,0,2100076100374005497,121.791067,39.096817,DELIVERY,1583111533.900212
100122337,0,2100076112387835279,121.593454,39.204111,PICKUP,1583119731.702751
100122337,2,2100076163964339975,121.581360,39.211730,PICKUP,1583147755.128228
118782929,0,2100076100415555271,121.560355,39.185728,PICKUP,1583116763.548355
10377583,0,2100076108045518835,121.665968,39.022494,PICKUP,1583117901.992564
102002930,0,2100076103280854197,121.623587,39.133951,PICKUP,1583114895.134193
118804441,0,2100076110250279971,121.532329,39.251115,PICKUP,1583119033.820857
10499607,0,2100076111919187225,121.558650,39.173918,DELIVERY,1583120414.086954
125779698,2,2100076139472880670,121.617150,39.179990,DELIVERY,1583134388.674076
125779698,4,2100076159562745494,121.616554,39.182350,PICKUP,1583145085.363560
110829786,0,2100076104509490946,121.541221,39.063660,PICKUP,1583121775.634031
10469547,0,2100076109050611597,121.584981,39.094066,PICKUP,1583118337.347188
117124913,0,2100076114365220841,121.487598,39.117835,PICKUP,1583121100.021689
118800217,2,2100076123924137951,121.535779,39.252501,DELIVERY,1583123121.970897
101180274,0,2100076112544171059,121.405726,39.084272,PICKUP,1583119538.786840
103258066,2,2100076127448171683,121.440439,39.201836,PICKUP,1583123535.889299
103258066,6,2100076148329219608,121.432137,39.198603,PICKUP,1583140751.043607
103258066,8,2100076165963613314,121.429219,39.205300,PICKUP,1583148329.257529
10576831,0,2100076116399916556,121.545509,39.208515,PICKUP,1583120421.590106
103401674,0,2100076129484113534,121.621844,39.111240,PICKUP,1583125100.369069
113666801,0,2100076116603963137,121.459142,39.185369,DELIVERY,1583120760.831263
118792841,0,2100076116389135865,121.519994,39.223144,DELIVERY,1583121773.925888
118792841,4,2100076166253938288,121.520683,39.223094,PICKUP,1583149460.672400
103441042,0,2100076113392764030,121.427052,39.062414,PICKUP,1583120421.065940
118009457,0,2100075783631734482,121.529745,39.277043,PICKUP,1583114670.829006
118009457,2,2100076128211567798,121.527108,39.277970,PICKUP,1583125329.027961
118009457,4,2100076167490569949,121.537100,39.285384,PICKUP,1583149051.765633
10294613,0,2100076108649334586,121.428671,39.196368,DELIVERY,1583120243.671283
118851385,0,2100076110829454770,121.366346,39.148402,PICKUP,1583118687.592270
118851385,2,2100076150873196369,121.366336,39.148361,PICKUP,1583141292.024557
118877049,0,2100076119297525470,121.520060,39.223071,PICKUP,1583121951.969243
118877049,2,2100076159043897054,121.519971,39.223118,DELIVERY,1583145605.958736
101958914,0,2100076019220088577,121.366339,39.139005,PICKUP,1583120628.759622
10102738,0,2100076111860860714,121.223566,39.129365,PICKUP,1583119647.264768
10102738,2,2100076147789629096,121.219778,39.149741,DELIVERY,1583140426.041199
10102738,4,2100076168213759121,121.223008,39.129355,PICKUP,1583150115.700438
123948441,0,2100076116014203919,121.550363,39.063786,PICKUP,1583121314.956218
10290949,0,2100076109391988426,121.408103,39.189938,PICKUP,1583118600.063974
10312874,0,2100076109087049279,121.484703,39.164519,PICKUP,1583118018.499810
10312874,2,2100076125553788512,121.484547,39.164544,PICKUP,1583123516.405492
114797801,0,2100076110448297465,121.449387,38.975362,DELIVERY,1583119165.747860
114797801,4,2100076147732678291,121.433951,38.971025,PICKUP,1583138672.546288
10354617,2,2100076122505839836,121.548662,39.177292,PICKUP,1583121968.398743
10354617,6,2100076155875591388,121.558363,39.173951,PICKUP,1583143534.689812
10659627,0,2100076116246234235,121.582011,39.163184,DELIVERY,1583120805.055967
121187857,0,2100076107427350229,121.503141,39.198290,DELIVERY,1583119808.772589
118322689,0,2100076110293010155,121.435076,38.903170,PICKUP,1583120023.462188
118322689,4,2100076150988769168,121.425827,38.905843,DELIVERY,1583142005.010970
10667763,0,2100076115108431325,121.466585,39.095073,PICKUP,1583119995.145210
118702473,0,2100076092482586011,121.471166,39.168907,PICKUP,1583115485.452054
118702473,2,2100076160453969230,121.468849,39.169626,PICKUP,1583145732.827574
114634969,0,2100076109648758320,121.552832,39.140256,PICKUP,1583120329.137157
10272326,0,2100076099293283830,121.515884,39.181001,DELIVERY,1583110471.350498
118791265,0,2100076101102175839,121.445001,39.162734,PICKUP,1583114157.167873
10413087,2,2100076113591043792,121.771239,39.119236,PICKUP,1583121310.825361
10413087,4,2100076159441471188,121.765360,39.123292,PICKUP,1583145606.827094
114595465,0,2100076111951595285,121.558497,39.173933,PICKUP,1583119736.663309
122161113,0,2100076122311001214,121.488172,39.062751,PICKUP,1583122318.586191
118800849,2,2100076124848195360,121.492173,39.132362,PICKUP,1583124226.973432
10135747,0,2100076116348602235,121.531185,39.142886,PICKUP,1583121561.123214
10488513,2,2100076128669861166,121.454041,39.105952,PICKUP,1583125690.501255
10531988,0,2100076117546894517,121.409374,39.060084,DELIVERY,1583121018.853426
10531988,2,2100076151305241615,121.429217,39.062295,PICKUP,1583140767.029466
10770945,0,2100076110314473390,121.419482,39.193487,DELIVERY,1583119139.881038
118790761,0,2100076112821617937,121.525758,39.220401,DELIVERY,1583121256.880576
112025322,0,2100076110269056169,121.443735,39.269020,PICKUP,1583120798.296160
120948521,0,2100076109251020231,121.594088,39.204189,PICKUP,1583119093.945504
106108922,0,2100076118300591344,121.591019,39.205710,PICKUP,1583122083.505461
10767994,0,2100076115336169045,121.401903,39.176674,PICKUP,1583119804.795898
10656566,0,2100076113581868782,121.464543,39.250773,PICKUP,1583120264.539301
100023698,0,2100076121173722274,121.374279,39.135567,DELIVERY,1583121535.104860
10120267,0,2100076103805404796,121.428634,39.197824,PICKUP,1583115137.208778
114674785,0,2100076123973780762,121.713058,39.144133,DELIVERY,1583123574.013436
114674785,2,2100076135990593310,121.712683,39.143191,DELIVERY,1583128957.682761
112480378,2,2100076119836951617,121.492927,39.199720,PICKUP,1583121307.536253
10219599,0,2100076099105293906,121.587539,39.109785,PICKUP,1583111894.664386
107672506,0,2100076116305020535,121.533786,39.083304,PICKUP,1583121090.111589
107672506,6,2100076156253471864,121.539117,39.083655,PICKUP,1583142984.872532
125330265,0,2100076108643894920,121.554223,39.131843,PICKUP,1583119938.395767
102225434,0,2100076100989978083,121.650479,39.303924,PICKUP,1583109770.029950
102225434,2,2100076103682590179,121.660224,39.303807,PICKUP,1583116605.260699
120625801,2,2100076168929740084,121.641167,39.130571,DELIVERY,1583152376.729261
105226074,0,2100076119934207736,121.472688,39.199300,PICKUP,1583121375.864523
10272985,0,2100076108172526730,121.466744,39.096504,DELIVERY,1583119176.391096
113152290,0,2100076101035066497,121.464277,39.137416,PICKUP,1583111715.980168
118774137,0,2100076116803028539,121.446622,39.257698,PICKUP,1583121426.377997
118774137,2,2100076170663789631,121.443512,39.258400,DELIVERY,1583152329.722145
10566682,2,2100076152871389120,121.475395,39.194014,PICKUP,1583142850.485226
117056185,0,2100076102681167528,121.218734,39.152870,DELIVERY,1583116679.278020
118803113,0,2100076109561497487,121.560004,39.140841,PICKUP,1583118568.234920
118803113,2,2100076126313121312,121.559229,39.135566,PICKUP,1583124681.286464
10760325,0,2100076119468868812,121.541550,39.064306,PICKUP,1583122409.955014
120939545,0,2100076117109966514,121.352842,39.054265,PICKUP,1583121297.278304
118394873,0,2100076138114549176,121.480028,39.063430,PICKUP,1583132530.486798
10591853,2,2100076122083427372,121.438188,39.194101,PICKUP,1583123582.429223
117020457,2,2100076135163298827,121.389561,39.246933,PICKUP,1583129518.857491
113078386,0,2100076118109553827,121.524768,39.127230,PICKUP,1583120853.387038
109696338,0,2100076111604057556,121.525124,39.132860,PICKUP,1583119589.691254
116190881,0,2100076103780697543,121.726025,39.254720,PICKUP,1583113744.081383
116190881,2,2100076115486049312,121.702819,39.281170,PICKUP,1583120330.069468
124682649,0,2100076086653224887,121.531769,39.250704,PICKUP,1583118246.251989
124682649,2,2100076123742209427,121.531363,39.250749,PICKUP,1583123994.893777
101992442,0,2100076121036129516,121.485531,39.128244,PICKUP,1583122376.337240
106359962,0,2100076111815149467,121.418598,39.252669,PICKUP,1583119623.870599
10289729,0,2100076119520871444,121.454322,39.108724,PICKUP,1583122669.516455
10289729,2,2100076171045209675,121.460461,39.130112,DELIVERY,1583152750.556640
103645298,0,2100076119318824696,121.600360,39.137721,PICKUP,1583123266.396024
124712017,0,2100076118437725647,121.526984,39.128542,PICKUP,1583121123.392009
10703923,0,2100076112066544734,121.530430,39.206477,DELIVERY,1583119769.242256
118916617,0,2100076109711869467,121.744828,39.533728,DELIVERY,1583119494.495649
114464161,2,2100076104966768117,121.453699,39.131830,DELIVERY,1583116559.621119
114464161,4,2100076148600276637,121.454188,39.131729,PICKUP,1583140919.651738
114464161,6,2100076164048651818,121.467994,39.131915,PICKUP,1583147810.036298
124267545,0,2100076109724124362,121.499430,39.061327,PICKUP,1583119363.445530
124267545,2,2100076145590174922,121.515709,39.054320,PICKUP,1583138662.374045
110997610,0,2100076119261939376,121.601654,39.137413,PICKUP,1583121023.351217
121074881,0,2100076101565843183,121.439963,39.004348,PICKUP,1583110446.271227
119439657,0,2100076095806146217,121.411128,39.370793,PICKUP,1583116333.852445
10553059,2,2100076140022466307,121.428623,39.271858,DELIVERY,1583134372.690619
117026577,0,2100076111807251847,121.574757,39.218596,PICKUP,1583119843.661235
112906890,0,2100076122141099387,121.813694,39.136068,PICKUP,1583121933.200566
111227890,0,2100076116444578897,121.089919,39.680224,PICKUP,1583121311.089097
118923665,0,2100076124089975868,121.958859,39.590335,PICKUP,1583122985.841873
102503626,0,2100076121376785468,121.602296,39.139229,PICKUP,1583123596.207067
10712195,2,2100076125456073761,121.561081,39.189363,DELIVERY,1583124088.496571
123511401,0,2100076119853499661,121.541498,39.071689,PICKUP,1583121501.301834
110042570,0,2100076112205842378,121.574813,39.137146,DELIVERY,1583121650.698288
118437025,0,2100076117393475502,121.608751,39.214149,PICKUP,1583121868.458475
100177162,0,2100076110729840595,121.605449,39.118419,PICKUP,1583118802.005343
119543617,0,2100076118398600612,121.476765,39.107344,PICKUP,1583121412.240893
10043801,0,2100076109946554240,121.449325,39.115309,DELIVERY,1583119956.165958
10043801,6,2100076170850698814,121.440685,39.117304,PICKUP,1583153917.368773
118804241,0,2100076114871223561,121.487265,39.129282,PICKUP,1583120662.588169
113147922,0,2100076118402107084,121.592074,39.126250,PICKUP,1583121087.095281
113147922,2,2100076138617931553,121.601653,39.137029,DELIVERY,1583133775.379114
107080018,0,2100076100787078767,121.528549,39.117060,PICKUP,1583112853.395282
107080018,4,2100076162562229383,121.524699,39.120145,PICKUP,1583146475.146645
10671039,0,2100076124029420547,121.419159,39.197276,PICKUP,1583122980.990620
10665583,0,2100076121395463726,121.453484,39.209102,DELIVERY,1583122890.489730
10665583,2,2100076148006061615,121.452155,39.209312,DELIVERY,1583141343.709528
113172298,0,2100076101731517776,121.394420,39.164186,PICKUP,1583112621.432651
10721724,0,2100076119024306111,121.439871,39.095919,PICKUP,1583122214.737397
10721724,2,2100076159205835986,121.439559,39.102330,DELIVERY,1583144864.440546
117067033,0,2100076098776532755,121.664455,39.168705,PICKUP,1583109552.656767
117067033,2,2100076153900631234,121.664216,39.184066,PICKUP,1583142914.153892
119285537,0,2100076113241507085,121.477370,39.072377,PICKUP,1583119787.045622
112022106,0,2100076125386147661,121.565705,39.150174,PICKUP,1583124545.793115
10671986,0,2100076107376363265,121.365740,39.143559,PICKUP,1583119720.428233
10671986,6,2100076168422393069,121.364507,39.139487,PICKUP,1583149176.277566
118778673,0,2100076110717519290,121.560547,39.189461,PICKUP,1583118406.272900
118778673,4,2100076154016597689,121.554242,39.184650,PICKUP,1583142410.082375
118778673,6,2100076167894402419,121.565355,39.185683,PICKUP,1583149631.758658
123321857,0,2100076102836651509,121.436374,39.122620,PICKUP,1583113832.796849
123321857,2,2100076122572359503,121.435824,39.115584,DELIVERY,1583123154.940631
123321857,4,2100076142382154956,121.457736,39.131666,PICKUP,1583135986.670271
123321857,6,2100076147522339860,121.457006,39.124890,PICKUP,1583144200.399600
10742814,0,2100076104622048742,121.484053,39.164526,DELIVERY,1583116385.027493
116119961,0,2100076110800880833,121.484157,39.064902,PICKUP,1583119591.877664
113601193,0,2100076090790872700,121.428449,39.196512,PICKUP,1583114724.608824
113601193,2,2100076162233304067,121.428132,39.197101,PICKUP,1583146025.870751
118475913,0,2100076098517763345,121.526662,39.210166,PICKUP,1583109718.820921
116024137,2,2100076115549652735,121.772826,39.098702,PICKUP,1583123120.431667
118797393,0,2100076114622678424,121.487375,39.127212,DELIVERY,1583121053.284851
10313234,2,2100076115583108956,121.515525,39.187052,PICKUP,1583120280.128824
112040778,0,2100076094837360254,121.459040,39.282439,DELIVERY,1583112964.271376
125864962,0,2100076109438486206,121.502277,39.088381,PICKUP,1583118122.920214
124259025,2,2100076104219101031,121.574181,39.114069,DELIVERY,1583114285.672898
10776078,0,2100076113031988651,121.310032,39.143106,PICKUP,1583120865.588045
110373306,0,2100076114753848668,121.360036,39.183873,PICKUP,1583120553.423835
120561993,0,2100076115875235185,121.542423,39.268903,PICKUP,1583120744.627474
118924601,0,2100076114017879409,121.967051,39.605086,PICKUP,1583120222.980798
118891361,0,2100076108459508864,121.454825,39.181145,PICKUP,1583119113.759304
102106834,0,2100076102766855261,121.518094,39.174079,DELIVERY,1583118976.738147
102106834,2,2100076133744936747,121.531340,39.182771,PICKUP,1583127156.117404
117015113,0,2100076122818872939,121.311053,39.141513,PICKUP,1583121791.908770
101915922,0,2100076117458290003,121.689658,39.281759,PICKUP,1583120741.923405
101915922,2,2100076165813961969,121.651579,39.300554,DELIVERY,1583149693.103867
117451033,2,2100076117999912891,121.474223,39.106826,PICKUP,1583120392.964722
117451033,4,2100076133291198395,121.474269,39.106784,DELIVERY,1583127028.768117
113022562,0,2100076099710387879,121.672755,39.133916,PICKUP,1583112568.761146
120728913,0,2100076105208530133,121.975622,39.597436,PICKUP,1583116036.741065
113396953,0,2100076123563296096,121.572834,39.082943,PICKUP,1583122579.339989
118206785,0,2100076115379193221,121.448079,39.210516,PICKUP,1583120875.887680
118661681,0,2100076111531967978,121.598257,39.111202,PICKUP,1583120084.782272
118793961,0,2100076115466454736,121.563418,39.173952,DELIVERY,1583120864.910853
10063068,0,2100076120731354520,121.494838,39.068115,DELIVERY,1583123053.929304
103636594,0,2100076111203993149,121.446291,39.258299,PICKUP,1583120308.961654
10401287,0,2100076126286644838,121.575083,39.103625,PICKUP,1583123844.898107
10239433,0,2100076119281272806,121.445618,38.971170,PICKUP,1583121565.765429
10239433,2,2100076149975189182,121.438574,38.968841,PICKUP,1583141237.350761
117026369,0,2100076104699217627,121.581892,39.229094,DELIVERY,1583117234.900768
117026369,4,2100076158367565301,121.582839,39.229002,PICKUP,1583144878.874777
10808308,0,2100076121870599307,121.552059,39.139254,PICKUP,1583122374.851658
10664338,2,2100076150750413943,121.847417,39.163572,PICKUP,1583140536.695428
119749201,2,2100076124436530915,121.459387,39.086230,DELIVERY,1583123465.408592
10429097,0,2100076159185421880,121.474735,39.293871,PICKUP,1583144082.277003
124928417,2,2100076125868459720,121.535166,39.079672,PICKUP,1583123707.515192
119594593,0,2100076097118176862,121.439514,39.100039,DELIVERY,1583115252.318646
119594593,2,2100076117895743256,121.456045,39.095265,DELIVERY,1583120842.880023
119594593,4,2100076128935970626,121.423355,39.105627,PICKUP,1583125291.155393
125812730,0,2100076102749554414,121.413193,39.134488,PICKUP,1583115931.913114
125812730,2,2100076138487940847,121.415379,39.129245,PICKUP,1583132842.347555
103738138,0,2100076119370597616,121.584083,39.147713,PICKUP,1583121867.921966
110846282,0,2100076111903524663,121.446852,39.202079,PICKUP,1583119854.177533
111358546,0,2100076128511067679,121.610044,39.133121,PICKUP,1583124864.600981
111358546,2,2100076161985087157,121.614215,39.133297,PICKUP,1583146075.082508
111845074,0,2100076114832917976,121.453261,39.212777,PICKUP,1583122139.721630
111845074,2,2100076151080683055,121.453166,39.209863,PICKUP,1583141126.324339
101364834,0,2100076122124616892,121.400995,39.177432,PICKUP,1583123195.499669
10826871,0,2100076101600150778,121.539889,39.209564,PICKUP,1583110765.332955
10803667,0,2100076118168536867,121.506045,39.104508,DELIVERY,1583123750.384406
10803667,2,2100076160056853537,121.487901,39.111582,PICKUP,1583145944.242617
117010921,0,2100076096105514965,121.434158,39.102281,PICKUP,1583121678.917830
118890377,2,2100076126742250899,121.582783,39.137004,DELIVERY,1583124571.085096
10165771,0,2100076111287223710,121.524546,39.193304,PICKUP,1583119176.063313
118808889,0,2100076098910815951,121.528425,39.277718,PICKUP,1583114163.277553
10404691,0,2100076108773557696,121.437270,39.182190,DELIVERY,1583118900.711903
106359898,0,2100076110176257633,121.424382,39.252588,PICKUP,1583118712.070836
106359898,2,2100076130595473120,121.424610,39.252519,PICKUP,1583126182.335341
114716833,0,2100076113054402548,121.546504,39.208113,PICKUP,1583119858.071985
117208745,0,2100076118278931590,121.753288,39.110280,PICKUP,1583121274.452994
117208745,2,2100076157132047695,121.753830,39.110900,DELIVERY,1583144630.229032
117208745,4,2100076171634804429,121.762867,39.099888,PICKUP,1583151369.090245
118808241,2,2100076136489289463,121.479580,39.072292,PICKUP,1583130914.365363
118808241,4,2100076151037494359,121.484318,39.068262,PICKUP,1583141316.675895
117054313,0,2100076112538207276,121.427768,39.195803,PICKUP,1583119628.583666
10206063,0,2100076118058043004,121.428166,39.197203,PICKUP,1583120682.677586
10416024,0,2100076096174195712,121.458279,39.211043,PICKUP,1583112356.495706
10416024,6,2100076171283760883,121.453170,39.212867,DELIVERY,1583152083.666187
124686817,0,2100076112043542377,121.573801,39.167034,PICKUP,1583119846.191609
124686817,4,2100076155333904233,121.568521,39.166179,PICKUP,1583144229.018714
10779201,0,2100076111346566456,121.595583,39.216103,PICKUP,1583118574.296172
10779201,2,2100076130529576206,121.601121,39.220937,PICKUP,1583125617.832500
10363032,0,2100076098691794006,121.518250,39.189109,PICKUP,1583108579.163003
10678111,0,2100076110147651422,121.484607,39.127506,DELIVERY,1583119734.302273
10678111,4,2100076157765158632,121.486611,39.138532,PICKUP,1583144769.482666
117013905,2,2100076126879876834,121.279164,39.150968,PICKUP,1583124169.388803
117013905,4,2100076139200546334,121.286100,39.145535,PICKUP,1583131159.824719
117013905,8,2100076162517959958,121.285688,39.140341,PICKUP,1583146934.783114
118347857,0,2100076100949477305,121.587469,39.027394,PICKUP,1583109474.118270
118347857,2,2100076121204458981,121.629899,39.013811,PICKUP,1583122418.685676
118347857,4,2100076150048524066,121.618942,39.031164,PICKUP,1583140849.695545
10636336,0,2100076112352543783,121.407277,39.237758,DELIVERY,1583120300.683868
10671104,0,2100076098606401008,121.403201,39.052609,DELIVERY,1583108237.133245
10671104,4,2100076143009433072,121.403099,39.052609,DELIVERY,1583137728.542657
101166018,4,2100076169658894117,121.471913,39.063663,PICKUP,1583150902.947791
10043299,0,2100076113058989852,121.594538,39.215564,PICKUP,1583120130.153762
10492242,0,2100076099294889462,121.514470,39.189059,PICKUP,1583108270.655428
10492242,4,2100076148567770629,121.520260,39.186137,PICKUP,1583140108.919416
10492242,6,2100076169823454234,121.529167,39.168136,PICKUP,1583152016.128509
117025081,0,2100076113149626081,121.455621,39.108946,PICKUP,1583120846.896757
125119169,0,2100076111544813014,121.484413,39.128100,PICKUP,1583119338.946479
118456833,0,2100076117380073315,121.568088,39.141036,DELIVERY,1583121608.521977
118787761,0,2100076115970098804,121.532100,39.250827,PICKUP,1583120325.644873
118787761,4,2100076167463306276,121.532331,39.250736,PICKUP,1583148280.693476
103161530,0,2100076111511717472,121.617417,39.133960,PICKUP,1583120763.946258
121658489,4,2100076140461491736,121.547469,39.207720,PICKUP,1583141370.110751
117069697,2,2100076154522797878,121.942647,39.596249,DELIVERY,1583143270.672998
118558089,0,2100076107559896394,121.418914,39.200147,DELIVERY,1583118275.611314
10548486,2,2100076161563035088,121.538637,39.163788,PICKUP,1583145950.366959
10037225,2,2100076118756459627,121.521112,39.167545,PICKUP,1583121607.641453
115164545,0,2100076169055044615,121.435456,39.172837,DELIVERY,1583150719.299292
120407090,0,2100076115579110708,121.431321,39.198608,DELIVERY,1583121545.418516
118180113,0,2100076119234577872,121.548353,39.139035,PICKUP,1583122663.393246
10459881,2,2100076113149560051,121.753936,39.111398,PICKUP,1583119643.229676
100084429,2,2100076149986592514,121.255722,38.952831,PICKUP,1583139592.530326
103404602,0,2100076019008439611,121.360056,39.122012,PICKUP,1583119824.129787
106164450,0,2100076103757628585,121.465284,39.159248,DELIVERY,1583118036.453283
122077169,0,2100076116298695899,121.611491,39.118131,PICKUP,1583120624.445812
102938282,0,2100076117860582660,121.431792,39.308078,DELIVERY,1583122708.391794
102938282,2,2100076136391181660,121.430650,39.301084,PICKUP,1583130205.651320
102938282,6,2100076171028104838,121.471583,39.295007,PICKUP,1583151410.654472
117010761,0,2100076143001044557,121.638723,39.073384,PICKUP,1583136245.228294
117010761,4,2100076170868229641,121.613703,39.083313,PICKUP,1583154085.983775
10518924,0,2100076111230568175,121.500457,39.067986,PICKUP,1583119303.712651
102358466,0,2100076101053777666,121.527316,39.072562,PICKUP,1583111415.928110
102358466,2,2100076109293782610,121.551361,39.075675,PICKUP,1583119418.406576
102358466,4,2100076140919195182,121.548472,39.076111,PICKUP,1583133823.395443
125155241,0,2100076113256187018,121.408131,39.189902,PICKUP,1583120246.719326
118066617,0,2100076166700795527,121.571506,39.218807,PICKUP,1583149330.508070
118771169,0,2100076117296415842,121.467366,39.298334,PICKUP,1583121146.347699
118771169,4,2100076162217412560,121.468492,39.287383,DELIVERY,1583146221.886973
10127695,0,2100076101117052664,121.601709,39.137003,PICKUP,1583114309.497875
110943594,0,2100076118393848848,121.552741,39.134033,PICKUP,1583121022.771585
117049569,0,2100076115427132876,121.220765,39.126872,PICKUP,1583120424.623997
117049569,4,2100076156487763117,121.220677,39.162749,PICKUP,1583143923.300983
106246218,2,2100076125788145232,121.672952,39.338547,DELIVERY,1583124296.312062
118713201,6,2100076150363325848,121.408445,39.189965,DELIVERY,1583141901.994716
10747277,0,2100076105773844315,121.568649,39.167676,DELIVERY,1583117066.225636
10751501,0,2100076116588791019,121.952793,39.607025,PICKUP,1583120351.426257
10478035,0,2100076098101216981,121.503098,39.198133,PICKUP,1583106984.290699
109511434,2,2100076132280534997,121.552703,39.111509,PICKUP,1583128681.479628
114595425,0,2100076118047229559,121.555191,39.177405,PICKUP,1583120713.163893
111187786,0,2100076106029892883,121.411921,39.042175,PICKUP,1583118267.418152
115073537,2,2100076146621548192,121.255074,38.947589,DELIVERY,1583141895.498058
102333794,0,2100076110294779119,121.353457,39.430399,DELIVERY,1583119164.443943
102333794,2,2100076156345780065,121.353548,39.430309,PICKUP,1583143345.885418
123931449,2,2100076139060463566,121.557371,39.178783,PICKUP,1583133203.204213
123931449,4,2100076156297611135,121.558734,39.174180,PICKUP,1583143378.914078
123931449,6,2100076164559636446,121.561691,39.179288,PICKUP,1583148024.376749
10123801,0,2100076106541958564,121.473978,39.107009,PICKUP,1583116956.523425
10123801,4,2100076142000047270,121.466862,39.095096,DELIVERY,1583136243.615110
104583538,0,2100076103642514918,121.484082,39.164499,PICKUP,1583115441.278488
100002543,0,2100076120025827096,121.638162,39.135268,PICKUP,1583123234.812867
10298963,0,2100076114423285657,121.531886,39.250918,PICKUP,1583120090.012106
10298963,4,2100076164520642189,121.531580,39.250757,DELIVERY,1583148608.147616
106277138,0,2100076117528119280,121.612808,39.189390,PICKUP,1583121843.765244
10515102,0,2100076116780778835,121.523236,39.133310,DELIVERY,1583121875.294421
119500977,0,2100076112593946287,121.572562,39.171933,DELIVERY,1583119949.195030
123968217,0,2100076103901676737,121.620501,39.115050,PICKUP,1583113897.258092
123968217,2,2100076114900944065,121.614553,39.110230,PICKUP,1583120413.744543
10572143,0,2100076116672939632,121.527234,39.274782,PICKUP,1583120830.760266
118814697,0,2100076109254854146,121.682187,39.133283,PICKUP,1583118890.093730
118814697,2,2100076142718027599,121.690592,39.126044,PICKUP,1583135230.582605
121123553,0,2100076115105744631,121.481260,39.073437,PICKUP,1583120277.882626
111025498,0,2100076119884039850,121.603124,39.188352,PICKUP,1583121820.247730
111025498,4,2100076170741712180,121.602635,39.201865,DELIVERY,1583152055.241357
10039046,0,2100076100632807136,121.425201,39.252415,PICKUP,1583109857.007292
118699633,0,2100076117492335735,121.460427,39.175752,PICKUP,1583121549.410246
118699633,4,2100076159488623944,121.466256,39.187430,PICKUP,1583145016.425793
103530058,0,2100076108479891323,121.479496,39.068603,PICKUP,1583120030.084635
116274473,0,2100076148578846244,121.408449,39.139308,DELIVERY,1583141113.156850
10579286,0,2100076108184913514,121.535274,39.075779,DELIVERY,1583119775.160873
10579286,4,2100076158242358557,121.546550,39.084007,PICKUP,1583144331.281681
103384498,0,2100076112463430719,121.401153,39.177422,PICKUP,1583119642.871779
118828337,0,2100076112411657731,121.677107,39.137943,PICKUP,1583119288.827807
118828337,2,2100076130234729924,121.695940,39.142643,PICKUP,1583126178.785571
102505842,0,2100076141616465555,121.605426,39.179471,DELIVERY,1583137099.314335
103502002,0,2100076117577532939,121.456562,38.949130,PICKUP,1583120229.390844
118794633,0,2100076095207179536,121.568894,39.182719,PICKUP,1583115720.178259
10757702,0,2100076109764167155,121.531686,39.140229,PICKUP,1583119320.125147
118798641,2,2100076125214672185,121.474206,39.134197,PICKUP,1583123908.698233
116971497,0,2100076097736803504,121.664140,39.183680,PICKUP,1583111377.192651
116971497,2,2100076126709089413,121.681694,39.174865,PICKUP,1583124613.048885
116971497,4,2100076144468690096,121.677432,39.178360,DELIVERY,1583136801.126091
123563353,0,2100076111811085788,121.443211,39.258320,PICKUP,1583119665.329215
10663375,0,2100076123214480593,121.404546,39.363837,PICKUP,1583123062.011574
10663375,2,2100076135823574136,121.387943,39.375360,DELIVERY,1583131962.596769
10770943,0,2100076115603096723,121.428482,39.196109,PICKUP,1583119951.247471
107045802,2,2100076155356251372,121.605472,39.189712,DELIVERY,1583144372.860129
10728396,0,2100076102136923791,121.761417,39.347188,PICKUP,1583115557.271916
10768209,0,2100076120234919143,121.406083,39.364773,PICKUP,1583121885.089160
103006362,2,2100076109126698930,121.524239,39.183694,PICKUP,1583119145.703333
103006362,4,2100076131917071862,121.499280,39.168870,PICKUP,1583127224.982620
118785289,0,2100076126266197899,121.469762,39.170680,PICKUP,1583124668.476152
118785289,2,2100076157344155531,121.469270,39.170955,PICKUP,1583144989.328088
10632815,0,2100076110548075940,121.471947,39.104881,PICKUP,1583119297.956740
10632815,2,2100076142303151878,121.466856,39.095213,PICKUP,1583136136.007749
123241265,0,2100076117660173486,121.551502,39.140900,PICKUP,1583122143.038861
10361752,0,2100076112464708730,121.299529,39.128822,PICKUP,1583118975.811193
10361752,2,2100076147655214993,121.299595,39.128952,DELIVERY,1583139887.173461
10805160,0,2100076119257057209,121.616011,39.029492,PICKUP,1583121775.221897
10805160,2,2100076165544117944,121.614847,39.021489,DELIVERY,1583149196.568748
112804090,0,2100076097158055408,121.530103,39.158850,PICKUP,1583119649.170545
118813289,0,2100076110229735162,121.488335,39.127786,PICKUP,1583118703.593122
105898418,0,2100076110476543145,121.494501,39.198325,PICKUP,1583119071.934402
105898418,2,2100076156409972480,121.503224,39.199050,PICKUP,1583145320.400841
118841633,4,2100076163263137529,121.477996,39.071297,DELIVERY,1583147662.746957
121157737,0,2100076107017226050,121.370507,39.266320,PICKUP,1583117857.472941
121157737,2,2100076154644038850,121.396064,39.267162,PICKUP,1583142296.598095
10489414,0,2100076122190153412,121.498515,39.057832,PICKUP,1583121669.715827
10489414,4,2100076166763841281,121.499856,39.080244,PICKUP,1583148020.187777
10572923,0,2100076121093801837,121.523917,39.115128,PICKUP,1583122586.567932
122904977,0,2100076110064911486,121.621861,39.128973,DELIVERY,1583119125.064132
