courier_id,wave_index,tracking_id,courier_wave_start_lng,courier_wave_start_lat,action_type,expect_time
118770561,2,2100076288775227384,121.480107,39.300832,PICKUP,1583294862.297549
118770561,4,2100076316479751710,121.468311,39.298334,PICKUP,1583310555.534253
118770561,6,2100076333910459998,121.468405,39.298335,PICKUP,1583319625.282480
10765017,0,2100076270081016860,121.208636,39.161914,PICKUP,1583289464.933507
10765017,4,2100076298907485808,121.208753,39.162316,PICKUP,1583309101.624345
10765017,6,2100076323488466419,121.225508,39.153640,PICKUP,1583315939.947753
119500977,0,2100076281139627409,121.575590,39.174781,PICKUP,1583292323.975975
10492242,0,2100076257397114875,121.502477,39.180899,PICKUP,1583283598.432956
10492242,2,2100076283484112015,121.524283,39.183880,DELIVERY,1583294511.253610
10492242,8,2100076331527177250,121.495835,39.185731,PICKUP,1583318110.697283
10043299,0,2100076291925411760,121.594481,39.215406,DELIVERY,1583297366.309396
10043299,2,2100076302822868097,121.582726,39.215876,PICKUP,1583301100.460304
10656566,0,2100076266179331382,121.478518,39.250093,PICKUP,1583285925.634804
10656566,6,2100076336557753436,121.458387,39.252661,PICKUP,1583320546.000746
10335674,0,2100076281257035522,121.551919,39.075402,PICKUP,1583295311.998836
10335674,2,2100076312640685107,121.537442,39.071049,PICKUP,1583308613.414227
10335674,4,2100076328077133361,121.549824,39.063758,PICKUP,1583317756.539102
10720158,0,2100076270243317343,121.418948,39.159367,PICKUP,1583288618.658720
10720158,2,2100076309143651948,121.416288,39.152549,DELIVERY,1583307861.124684
10321101,0,2100076283773061062,121.707731,39.266748,PICKUP,1583293485.877362
10636336,0,2100076276425295457,121.424372,39.245744,DELIVERY,1583292827.964206
10239433,0,2100076275293128466,121.443622,38.967287,PICKUP,1583291676.673225
10417888,0,2100076272943826406,121.484532,39.164971,PICKUP,1583290279.978578
10775373,0,2100076283475789767,121.557811,39.169912,PICKUP,1583293953.408682
111751082,2,2100076321097582073,121.536769,39.208915,PICKUP,1583314027.830054
10181667,0,2100076264648573977,121.421765,39.153176,DELIVERY,1583287980.381202
121629529,0,2100076279214147073,121.579775,39.111501,DELIVERY,1583294351.974707
10643621,0,2100076281246549142,121.414459,39.368481,DELIVERY,1583294418.141871
124001625,0,2100076278736061758,121.526665,39.261252,PICKUP,1583293112.055692
10717922,0,2100076264550302796,121.460198,39.251183,PICKUP,1583283386.131746
10542153,0,2100076274960074122,121.572789,39.135478,PICKUP,1583292043.117082
10534600,0,2100076278667380057,121.506681,39.186125,PICKUP,1583292548.903462
10392466,0,2100076262636455741,121.491753,39.158548,PICKUP,1583281105.484712
10392466,2,2100076293439030372,121.484754,39.164285,PICKUP,1583297086.778583
119285537,0,2100076265300329912,121.480957,39.056809,PICKUP,1583285457.833765
122904977,2,2100076278251619525,121.630337,39.139774,PICKUP,1583292959.018589
121957913,0,2100076265068234453,121.503165,39.198468,PICKUP,1583283113.458286
118533225,2,2100076288132089270,121.437985,39.199051,DELIVERY,1583295729.794732
118533225,6,2100076333396493616,121.427899,39.197206,DELIVERY,1583320329.014874
102117082,0,2100076273857202027,121.461171,39.283960,PICKUP,1583290405.006385
111254906,0,2100076290628355906,121.442351,39.100099,PICKUP,1583295171.257903
117027985,0,2100076271711159943,121.581193,39.211429,DELIVERY,1583292075.058133
10469547,2,2100076298147726517,121.569145,39.090763,DELIVERY,1583298540.902407
10469547,4,2100076320067651469,121.580884,39.097640,PICKUP,1583313108.391013
119961113,2,2100076310182758188,121.482302,39.302284,PICKUP,1583307993.900365
119961113,4,2100076330303587746,121.456470,39.306853,PICKUP,1583317375.240658
118781177,4,2100076318670783502,121.463413,39.125494,PICKUP,1583312920.351682
121974361,2,2100076297468151588,121.323418,38.983696,DELIVERY,1583298197.696127
121974361,8,2100076331931534444,121.329312,38.976365,DELIVERY,1583319045.497134
10443328,0,2100076263871907447,121.603899,39.177304,PICKUP,1583283555.382003
114779105,0,2100076277167523333,121.418564,39.205255,PICKUP,1583291664.152589
10531988,0,2100076275673237231,121.405880,39.052199,PICKUP,1583291626.206067
10531988,4,2100076331711071981,121.434033,39.065586,PICKUP,1583318115.671555
10043801,0,2100076281429395323,121.448830,39.115431,PICKUP,1583293311.732502
10043801,2,2100076314004850408,121.449191,39.115497,PICKUP,1583310741.261391
10043801,6,2100076345106794141,121.460339,39.131832,PICKUP,1583328023.866999
123314609,0,2100076240367388050,121.400419,39.234421,PICKUP,1583284778.602608
10659886,0,2100076278072739727,121.209188,39.161619,PICKUP,1583292812.397187
10659886,2,2100076311819355816,121.226408,39.149493,PICKUP,1583309227.372963
10659886,4,2100076323332326647,121.226097,39.151784,PICKUP,1583315200.576419
10774871,0,2100076279922656300,121.428257,39.196065,PICKUP,1583293399.738510
10774871,2,2100076322397291579,121.418903,39.197975,PICKUP,1583314084.522514
119069129,2,2100076282144490765,121.477735,39.077274,DELIVERY,1583293721.974126
10319201,0,2100076289276380695,121.756454,39.112790,PICKUP,1583294947.051476
118805145,2,2100076296943764587,121.343206,39.172126,PICKUP,1583298395.869529
113152290,0,2100076264861009025,121.466591,39.136094,PICKUP,1583283063.316315
10278503,0,2100076267556570954,121.631245,39.136656,DELIVERY,1583288064.958086
100166267,0,2100076270761182267,121.418806,39.198007,PICKUP,1583292328.145255
102358466,2,2100076273782982447,121.544049,39.063230,PICKUP,1583291600.329859
10038661,0,2100076278731638510,121.420701,39.251200,PICKUP,1583292626.958053
101915922,0,2100076262151521773,121.688068,39.286945,PICKUP,1583285169.485787
101915922,2,2100076300671059200,121.701416,39.277162,DELIVERY,1583301324.931949
101915922,4,2100076315513456609,121.679266,39.274563,PICKUP,1583311472.363108
101915922,6,2100076340893320626,121.669860,39.274246,PICKUP,1583323799.571101
117010921,0,2100076275734316565,121.438823,39.094575,PICKUP,1583291885.533031
117010921,4,2100076334214153667,121.433591,39.111164,DELIVERY,1583318879.498569
116872833,4,2100076333860259347,121.655709,39.252483,PICKUP,1583319791.994739
10377583,4,2100076332655117935,121.683611,39.029485,PICKUP,1583318839.728030
117068537,2,2100076290608891409,121.960975,39.591951,PICKUP,1583295006.723970
117672177,2,2100076328223672005,121.440947,39.184411,DELIVERY,1583317696.332625
101180274,0,2100076265834841337,121.407327,39.079705,PICKUP,1583285708.040431
116849473,0,2100076276518978978,121.405755,39.317430,DELIVERY,1583291412.295192
118785289,2,2100076309411890658,121.472279,39.175881,PICKUP,1583306981.464881
122942881,0,2100076281789220428,121.630572,39.138678,PICKUP,1583292933.570337
118798641,2,2100076277482325469,121.492982,39.143080,PICKUP,1583291378.333028
118798641,4,2100076331422057818,121.471554,39.126169,PICKUP,1583318915.992379
10457899,0,2100076277243676187,121.750617,39.532966,PICKUP,1583292289.018394
10457899,2,2100076301791397044,121.750869,39.532551,PICKUP,1583300722.682428
10826871,0,2100076264130446586,121.549443,39.205724,DELIVERY,1583282382.969439
117108641,2,2100076300422055012,121.437452,39.098545,PICKUP,1583299138.489828
117108641,6,2100076330605217365,121.450182,39.094339,PICKUP,1583317950.987367
118808025,2,2100076304331147080,121.477986,39.116960,PICKUP,1583302177.445543
102503626,0,2100076292874307005,121.594828,39.126681,PICKUP,1583296242.182756
102503626,6,2100076328740226949,121.592315,39.126511,PICKUP,1583317440.659074
118831497,2,2100076277840118905,121.493222,39.147300,PICKUP,1583292809.466090
118831497,4,2100076331588814453,121.470019,39.120960,PICKUP,1583317891.754106
117108625,0,2100076279190848689,121.419786,39.199787,PICKUP,1583292449.545993
10282591,0,2100076267139728657,121.537089,39.212666,PICKUP,1583286524.595771
10282591,4,2100076320866010770,121.534600,39.212159,PICKUP,1583314746.777034
10282591,6,2100076335066089100,121.537509,39.211696,DELIVERY,1583320571.192727
102748698,0,2100076267723753108,121.570059,39.132706,DELIVERY,1583287126.194313
102748698,2,2100076310774646420,121.569978,39.132259,DELIVERY,1583307879.040566
113172298,0,2100076269410715244,121.422903,39.151400,PICKUP,1583290188.629085
113172298,2,2100076316150564447,121.442792,39.156720,PICKUP,1583312717.561469
112905898,0,2100076276246349381,121.372866,39.135366,PICKUP,1583291631.044559
118778673,2,2100076272787195543,121.561099,39.189267,DELIVERY,1583291680.286453
118778673,4,2100076293575869463,121.570530,39.180435,PICKUP,1583296102.552860
118778673,6,2100076327127287715,121.557462,39.187343,PICKUP,1583317594.744250
10282135,2,2100076279401023202,121.468204,39.175654,PICKUP,1583292911.067187
102505130,0,2100076270613497783,121.530796,39.249252,PICKUP,1583289656.523875
102505130,2,2100076289502152083,121.552964,39.252927,PICKUP,1583295792.112940
102505130,4,2100076299282711824,121.542554,39.252023,DELIVERY,1583300556.400687
102505130,8,2100076326117050295,121.531126,39.249267,PICKUP,1583317439.129734
10328045,0,2100076263398508245,121.503309,39.198032,PICKUP,1583280072.807622
10328045,2,2100076273479354069,121.503006,39.198272,PICKUP,1583290999.494768
117672601,0,2100076270985151973,121.753509,39.111163,DELIVERY,1583289270.997864
117672601,2,2100076304471754263,121.756840,39.108376,DELIVERY,1583303744.908226
117109065,0,2100076274114626862,121.430429,39.093953,PICKUP,1583292723.994792
117109065,2,2100076316110489368,121.440024,39.095034,PICKUP,1583311575.948822
10696204,0,2100076285119465186,121.530154,39.134477,PICKUP,1583294266.299501
10344320,0,2100076278451537382,121.484825,39.164503,PICKUP,1583291823.334651
123213849,0,2100076267386570439,121.557738,39.183360,PICKUP,1583287736.073678
10670465,0,2100076281114134366,121.501168,39.110755,PICKUP,1583294303.825421
10670465,2,2100076323994928860,121.487621,39.129081,PICKUP,1583314695.045287
120991385,2,2100076290340784098,121.452131,38.980784,PICKUP,1583295940.406329
107476610,2,2100076333037586382,121.818039,39.169733,PICKUP,1583318959.989455
10334732,0,2100076283930379314,121.707156,39.161394,PICKUP,1583296157.177925
10429097,0,2100076342426273337,121.471288,39.291072,PICKUP,1583324364.447619
107736970,0,2100076294822659518,121.538004,39.105334,PICKUP,1583296634.567160
10515102,2,2100076295553713716,121.519291,39.141499,PICKUP,1583297274.606521
118891361,0,2100076278693102979,121.454554,39.181452,DELIVERY,1583294229.508703
117020457,0,2100076285514319238,121.400653,39.240856,PICKUP,1583294433.880910
118810873,0,2100076277955855625,121.469113,39.136195,PICKUP,1583293404.689427
102010482,0,2100076287702926407,121.772337,39.401069,PICKUP,1583294463.752159
102938282,0,2100076282423642070,121.447285,39.297587,PICKUP,1583293083.621486
123948441,2,2100076294030099992,121.535155,39.054578,PICKUP,1583297170.821479
108061506,0,2100076288707462727,121.431888,39.305901,PICKUP,1583294140.903306
108061506,2,2100076307194742134,121.446268,39.297674,PICKUP,1583305829.684186
108061506,4,2100076326757696782,121.433720,39.284725,DELIVERY,1583317518.658902
116502929,0,2100076279235380856,121.454097,39.298303,DELIVERY,1583293807.687106
116502929,2,2100076320004933077,121.446333,39.297426,PICKUP,1583314457.835997
116502929,4,2100076337014670919,121.466985,39.293479,PICKUP,1583321077.855049
10642060,0,2100076275888818004,121.529927,39.158813,PICKUP,1583291793.686080
10642060,2,2100076301714949412,121.546961,39.159333,PICKUP,1583299955.020450
10642060,4,2100076318732355208,121.520056,39.161762,PICKUP,1583313497.653459
10361752,2,2100076287084561868,121.299546,39.128859,PICKUP,1583294626.583607
115749225,0,2100076259741009666,121.523750,39.063691,DELIVERY,1583284725.785023
115752577,2,2100076329307145671,121.545238,39.353074,PICKUP,1583317579.596763
100069773,2,2100076322546124449,121.555296,39.177476,PICKUP,1583315799.293159
100069773,4,2100076340048823689,121.563567,39.184024,PICKUP,1583321312.149254
124274137,0,2100076267531601569,121.557464,39.178841,PICKUP,1583288415.612134
124682649,0,2100076281799673222,121.531898,39.251084,PICKUP,1583293441.906539
124682649,2,2100076314869991224,121.532797,39.250737,PICKUP,1583309763.802904
124682649,4,2100076337747100990,121.531088,39.248066,PICKUP,1583321284.917711
100429202,4,2100076324819338422,121.366366,39.135529,PICKUP,1583317676.209515
118916329,4,2100076283617248773,122.231395,39.360252,PICKUP,1583293630.016825
106623778,0,2100076287514575900,121.687181,39.297156,PICKUP,1583295018.780170
106623778,2,2100076333313557633,121.688560,39.282292,PICKUP,1583319015.646097
107647570,0,2100076289407714391,121.597668,39.124120,DELIVERY,1583297900.761707
107647570,6,2100076340456686800,121.604272,39.133137,PICKUP,1583322426.223821
113022562,0,2100076261428594347,121.673234,39.137494,PICKUP,1583283982.738836
113022562,2,2100076289746076777,121.704324,39.138147,PICKUP,1583295595.796559
118800337,0,2100076275221104237,121.520059,39.222964,PICKUP,1583292136.232898
118800337,2,2100076292763322212,121.546835,39.207548,PICKUP,1583297042.515751
10757702,0,2100076288448530084,121.523355,39.133360,PICKUP,1583294521.295605
10711180,0,2100076269921141844,121.522315,39.292370,PICKUP,1583289368.563197
10711180,2,2100076284642329944,121.526219,39.281506,PICKUP,1583293955.407193
10711180,8,2100076331067639608,121.525880,39.292207,PICKUP,1583318800.638685
120448506,0,2100076281767691569,121.592579,39.205743,PICKUP,1583293251.797967
114797801,0,2100076277880653586,121.447200,38.981415,PICKUP,1583293460.247773
114797801,4,2100076332503533302,121.438699,38.980975,PICKUP,1583318909.541596
10747277,2,2100076294800377111,121.565834,39.170539,PICKUP,1583298575.244526
114323969,0,2100076259819751102,121.528190,39.276987,PICKUP,1583287217.881599
114323969,2,2100076288240223414,121.527131,39.277948,PICKUP,1583295369.591859
10487413,0,2100076282294109366,121.528367,39.277019,PICKUP,1583293680.963207
10487413,4,2100076331552572569,121.527729,39.277159,PICKUP,1583318438.125767
10487413,6,2100076342385345861,121.521496,39.272036,PICKUP,1583323774.007392
118894089,0,2100076275378227067,121.539482,39.141954,PICKUP,1583292956.155126
10619850,2,2100076296394934118,121.435515,39.012118,DELIVERY,1583298373.975721
10619850,4,2100076307917801074,121.453569,39.010151,PICKUP,1583306812.851437
10392452,2,2100076284226701117,121.492492,39.169288,PICKUP,1583294410.363477
117049569,2,2100076295662766005,121.235595,39.122664,PICKUP,1583297762.488793
119346545,0,2100076281742885934,122.224484,39.362557,PICKUP,1583292743.913623
117012793,0,2100076285320169130,121.314584,39.125857,PICKUP,1583293712.573447
10021791,2,2100076285492626581,121.445877,39.218991,DELIVERY,1583294319.214424
10232315,0,2100076266065725023,121.424087,39.197222,PICKUP,1583284838.797341
10232315,2,2100076275062342718,121.428090,39.197199,PICKUP,1583292245.989582
118559025,0,2100076264768603998,121.236643,38.948846,PICKUP,1583281613.079249
122093097,0,2100076275922896031,121.568598,39.148666,DELIVERY,1583293706.451032
122093097,2,2100076321826505856,121.566592,39.151769,DELIVERY,1583315649.011300
117024545,4,2100076327938623366,121.424606,39.252400,PICKUP,1583316644.399597
118713201,0,2100076288465667675,121.408265,39.189949,PICKUP,1583294292.697131
122294201,0,2100076289679361624,121.386259,39.088927,PICKUP,1583294899.948683
125812730,2,2100076285861561847,121.416444,39.130480,PICKUP,1583293939.407111
120508210,0,2100076281245468110,121.797988,39.130118,PICKUP,1583293594.793605
103216602,0,2100076269868779479,121.764967,39.346153,DELIVERY,1583292227.420528
110963378,0,2100076277358724728,121.843085,39.161739,PICKUP,1583292143.205088
116119961,2,2100076289912309136,121.456810,39.066671,PICKUP,1583296085.188418
118781361,2,2100076281705760266,121.488082,39.302738,PICKUP,1583293485.522557
118781361,8,2100076326040307230,121.471215,39.291042,PICKUP,1583315684.794319
10712195,2,2100076327339131911,121.547060,39.202130,DELIVERY,1583317996.699834
118776649,0,2100076281937954403,121.655750,39.138307,PICKUP,1583294002.449374
118776649,2,2100076302436435049,121.668454,39.133919,PICKUP,1583300804.279629
10215664,0,2100076324146317265,121.431625,39.198705,PICKUP,1583315335.813622
10215664,2,2100076341260846243,121.432982,39.203128,PICKUP,1583323107.909857
10671039,0,2100076284708521847,121.418804,39.200571,DELIVERY,1583294438.851545
123810001,2,2100076301539903420,121.529316,39.285656,PICKUP,1583301963.033040
10408117,6,2100076338486642613,121.582005,39.109461,PICKUP,1583321008.730159
105226074,2,2100076282483541629,121.478615,39.199715,PICKUP,1583294027.453434
117009049,4,2100076323179136824,121.475470,39.226739,PICKUP,1583317012.534679
10804247,0,2100076262099060669,121.251604,38.953018,DELIVERY,1583287575.425194
118802473,0,2100076269719127742,121.527569,39.278885,PICKUP,1583294378.698606
124928417,0,2100076272243246963,121.532866,39.083258,PICKUP,1583290228.040281
124928417,2,2100076291713861282,121.526578,39.088645,PICKUP,1583295865.127724
124928417,4,2100076321909441955,121.535527,39.083559,PICKUP,1583314465.616423
125102201,0,2100076283540309471,121.366734,39.148867,PICKUP,1583293527.662470
117108873,4,2100076332393432990,121.531271,39.127848,PICKUP,1583319891.870438
100149376,0,2100076269520192997,121.446395,39.210748,PICKUP,1583289679.356665
125157297,2,2100076288415008277,121.578057,39.102067,DELIVERY,1583295448.037988
125157297,4,2100076330013722122,121.573591,39.100569,PICKUP,1583318023.481229
10306647,0,2100076283236911052,121.526958,39.079510,PICKUP,1583293544.603342
118322641,2,2100076284243314684,121.434729,38.903285,PICKUP,1583293784.461103
118322641,8,2100076328413890448,121.431154,38.894136,PICKUP,1583316953.296679
10199051,0,2100076289438582180,121.466629,39.095049,PICKUP,1583294919.930183
117042817,0,2100076263348601937,121.209851,39.160286,DELIVERY,1583284165.351802
114783777,0,2100076283202504690,121.374122,39.097485,PICKUP,1583294443.799450
10645907,2,2100076288409371908,121.432942,39.293371,PICKUP,1583294935.986474
10645907,6,2100076324647602107,121.450015,39.297768,PICKUP,1583316063.575796
10645907,8,2100076339409192859,121.425660,39.302699,PICKUP,1583321899.759313
10183602,0,2100076275671139731,121.766468,39.347749,PICKUP,1583293295.031047
10012508,2,2100076289189054362,121.525847,39.292066,PICKUP,1583295408.333218
118789345,0,2100076263266583676,121.563380,39.183984,DELIVERY,1583282740.387049
118789345,2,2100076291553756505,121.566905,39.176238,PICKUP,1583295004.676859
110941154,0,2100076265771435877,121.677407,39.068725,PICKUP,1583284398.890861
110941154,2,2100076280947050329,121.677327,39.065121,DELIVERY,1583294729.596017
110941154,4,2100076320684017240,121.677525,39.067786,DELIVERY,1583314653.503114
117055625,0,2100076259904816795,121.499865,39.080964,PICKUP,1583291311.172467
113793937,0,2100076261908023019,121.619763,39.255848,PICKUP,1583284355.866016
113793937,2,2100076323485845011,121.655615,39.252884,PICKUP,1583316866.368798
119918177,0,2100076286253893091,121.595395,39.111528,PICKUP,1583294630.466635
119918177,2,2100076320813745810,121.593945,39.111592,PICKUP,1583314407.312296
118920073,2,2100076276093617520,121.965573,39.602585,PICKUP,1583291824.498105
10063192,0,2100076284407153814,121.480617,39.068492,PICKUP,1583293654.984167
118427817,8,2100076337667901295,121.537317,39.210841,PICKUP,1583321418.372111
10799255,0,2100076278812477263,121.594861,39.216180,PICKUP,1583292423.366920
105233010,0,2100076298313630985,121.526058,39.133117,PICKUP,1583298881.646688
117074225,4,2100076331741546345,121.664626,39.168328,PICKUP,1583318756.483675
100177162,0,2100076277462238912,121.606680,39.118479,PICKUP,1583292300.084845
100177162,4,2100076331013310154,121.604920,39.117973,PICKUP,1583318555.648303
10731534,0,2100076283863565719,121.351008,39.428337,PICKUP,1583294389.028418
10731534,2,2100076318436984793,121.363162,39.439163,DELIVERY,1583312176.786838
124973465,0,2100076272132163404,121.624403,39.251848,PICKUP,1583291237.904381
115598089,0,2100076282240632655,121.475778,39.131930,DELIVERY,1583294100.177904
118804441,0,2100076267626399280,121.531666,39.250811,PICKUP,1583286403.074398
118804441,2,2100076280967169427,121.534802,39.250734,PICKUP,1583293284.445880
118804441,6,2100076317045065528,121.531543,39.250636,PICKUP,1583312658.441015
118804441,8,2100076336506406459,121.533605,39.250602,DELIVERY,1583321444.157956
10470630,6,2100076325026497620,121.522853,39.292040,PICKUP,1583315279.903954
112044866,0,2100076284819178775,121.800369,39.131728,PICKUP,1583294014.130296
10782205,0,2100076278836036709,121.765210,39.123060,PICKUP,1583292745.094334
10039046,0,2100076264478278807,121.425201,39.252415,PICKUP,1583282768.950568
10039046,2,2100076290839086470,121.424666,39.246848,PICKUP,1583296336.999576
116133289,0,2100076271970584053,121.465899,39.158910,PICKUP,1583292978.876739
118248009,0,2100076266736715388,121.420007,39.199728,PICKUP,1583289125.267708
10164305,0,2100076285207479556,121.593510,39.111561,PICKUP,1583295216.598572
10760325,0,2100076269262997436,121.541520,39.064152,PICKUP,1583287522.831257
10760325,2,2100076291690169880,121.511929,39.063214,PICKUP,1583295758.314437
10721724,0,2100076294600492638,121.424484,39.091464,PICKUP,1583297180.257740
10756147,0,2100076274114758122,121.585839,39.113747,PICKUP,1583292161.173959
110958146,0,2100076272315499778,121.594154,39.204273,PICKUP,1583293071.445053
125119169,0,2100076270003225929,121.487465,39.124778,DELIVERY,1583289144.065066
125119169,2,2100076321254344147,121.484396,39.127912,PICKUP,1583314951.436069
119271329,4,2100076324340532824,121.660242,39.171959,DELIVERY,1583315536.472996
122726849,0,2100076279528326600,121.546764,39.083710,PICKUP,1583293072.841904
122726849,2,2100076321594541808,121.561725,39.085188,PICKUP,1583314519.403202
122726849,4,2100076336146155512,121.537876,39.075532,PICKUP,1583320197.144428
103135370,0,2100076287957304940,121.416158,39.164583,PICKUP,1583295192.979719
110512450,4,2100076319259264117,121.571552,39.023177,PICKUP,1583313160.274175
110512450,6,2100076329219589981,121.566151,39.040940,DELIVERY,1583319097.264893
118760649,0,2100076279763567850,121.471675,39.126406,DELIVERY,1583293429.843663
10416907,0,2100076272776938701,121.446307,39.297853,PICKUP,1583293205.112060
10416907,6,2100076324945266536,121.448193,39.288383,PICKUP,1583317131.591727
116050601,0,2100076275042124864,121.567864,39.149556,PICKUP,1583292764.651347
102499938,0,2100076266076571135,121.529167,39.250804,PICKUP,1583284197.086645
122775745,0,2100076294198101133,121.958830,39.589961,DELIVERY,1583297204.783011
10232969,0,2100076262669584059,121.466949,39.095115,PICKUP,1583284784.421273
10232969,2,2100076285291726489,121.466769,39.095007,PICKUP,1583294275.069065
10232969,4,2100076328858453158,121.477457,39.089601,PICKUP,1583317066.414111
10626566,0,2100076278802581038,121.450263,39.210003,PICKUP,1583292545.338638
10626566,8,2100076340392756675,121.447075,39.210630,PICKUP,1583322267.965871
117040001,4,2100076342455273242,121.271273,39.148663,PICKUP,1583323713.722367
122161113,2,2100076309048362001,121.479455,39.063704,PICKUP,1583305489.650887
117028241,0,2100076321251559368,121.314991,39.134618,PICKUP,1583314807.724373
10459881,0,2100076277940094594,121.751017,39.120364,DELIVERY,1583292586.301563
103190418,0,2100076266639787037,121.663041,38.979672,PICKUP,1583286119.124129
10748345,2,2100076279922886260,121.473588,39.116936,PICKUP,1583293269.244906
10304094,0,2100076263063062326,121.505213,39.189696,PICKUP,1583284647.272939
10304094,2,2100076285992601056,121.495484,39.177655,PICKUP,1583293643.944525
10304094,6,2100076331621746320,121.492114,39.174756,DELIVERY,1583318751.031752
113493697,2,2100076332550980897,121.530105,39.155932,PICKUP,1583318861.747999
118066617,0,2100076287320754005,121.590117,39.215163,PICKUP,1583294536.339314
114464161,2,2100076311468999909,121.457645,39.132234,DELIVERY,1583309613.913891
117208745,2,2100076319856363225,121.748468,39.101252,DELIVERY,1583313377.098700
117208745,4,2100076337282254159,121.754157,39.119840,PICKUP,1583321034.012798
102054458,0,2100076293583275897,121.628293,39.127044,PICKUP,1583296994.154573
118200593,0,2100076285945283849,121.527848,39.151204,PICKUP,1583294773.626927
123321857,0,2100076282366789563,121.449286,39.115463,PICKUP,1583294120.380274
123321857,2,2100076317458990824,121.466498,39.141592,DELIVERY,1583311943.442138
118771169,0,2100076280880072656,121.471442,39.299651,PICKUP,1583293489.014386
10466684,0,2100076286657561690,121.401295,39.176839,PICKUP,1583295411.765093
10413087,2,2100076287751980595,121.738931,39.124054,PICKUP,1583294760.900041
10413087,4,2100076321659258069,121.765404,39.123348,PICKUP,1583317011.098049
10405101,2,2100076320372098399,121.248434,38.948689,PICKUP,1583314964.179314
10322363,0,2100076266738550433,121.557313,39.178912,PICKUP,1583285625.897668
10322363,2,2100076286382310820,121.558270,39.169180,PICKUP,1583294110.626405
115025641,0,2100076274748589329,121.745237,39.527657,PICKUP,1583292457.619445
115025641,2,2100076311558423736,121.745327,39.527655,PICKUP,1583306895.141809
10573369,0,2100076266218227087,121.419483,39.199429,PICKUP,1583291233.451774
119666745,0,2100076270116538255,121.588415,39.124909,DELIVERY,1583289852.219819
113977305,0,2100076281799738641,121.516413,39.223006,PICKUP,1583293602.313784
113977305,2,2100076333731775864,121.519097,39.209114,PICKUP,1583320041.921094
117025081,0,2100076270756693336,121.459774,39.112109,PICKUP,1583290202.969738
117025081,2,2100076296250426875,121.459499,39.105682,PICKUP,1583297007.330938
121168273,0,2100076263627163404,121.459134,39.242947,PICKUP,1583282846.293564
121168273,2,2100076304133294066,121.467138,39.225879,PICKUP,1583302568.941259
121168273,4,2100076323883255476,121.467136,39.225853,PICKUP,1583315612.352218
101166018,0,2100076272804333388,121.484677,39.070883,PICKUP,1583291833.691465
121074881,0,2100076264684259055,121.441292,39.003788,PICKUP,1583281019.390198
121074881,2,2100076269334890223,121.441627,39.003986,DELIVERY,1583290183.357388
121074881,4,2100076301897107183,121.441073,39.003899,DELIVERY,1583304054.774074
103155394,2,2100076287832917127,121.491408,39.249814,PICKUP,1583295917.965313
118798041,2,2100076286086808696,121.474204,39.134977,DELIVERY,1583301934.712949
118798041,4,2100076323056846595,121.487128,39.129494,PICKUP,1583315505.610232
10650683,0,2100076256851624983,121.533725,39.199881,PICKUP,1583285087.440921
100084429,4,2100076328335574244,121.249054,38.954223,PICKUP,1583316836.711250
117065769,0,2100076268637783698,121.602002,39.137433,PICKUP,1583287384.106036
122287833,0,2100076275315016785,121.401859,39.316203,PICKUP,1583292316.060176
118691289,0,2100076266150463237,121.410214,39.178435,PICKUP,1583285200.162502
10319692,0,2100076279784539391,121.310171,39.143121,DELIVERY,1583292283.874213
118787761,0,2100076286016391065,121.531853,39.250855,PICKUP,1583294013.502015
118787761,4,2100076329396373401,121.537985,39.250163,PICKUP,1583317348.186828
118787761,6,2100076340356220804,121.524563,39.267728,PICKUP,1583324201.951050
119749201,0,2100076272047359438,121.477014,39.122721,PICKUP,1583290561.208618
102039482,0,2100076293226333368,121.568546,39.149591,PICKUP,1583296706.555299
118795769,2,2100076281377293335,121.559907,39.181146,PICKUP,1583294884.881826
11165674,0,2100076286147462874,121.402864,39.047659,PICKUP,1583295421.753137
11165674,2,2100076313309840607,121.411176,39.042989,PICKUP,1583309066.319448
121908329,0,2100076289217528958,121.489611,39.064492,PICKUP,1583295566.352115
10148788,2,2100076283574879683,121.466476,39.211069,PICKUP,1583294042.886247
118823393,0,2100076288118621844,121.481352,39.152882,PICKUP,1583294976.751426
118823393,2,2100076322273592633,121.474723,39.137883,PICKUP,1583314311.573871
105626402,0,2100076286672405783,121.813471,39.135723,PICKUP,1583294047.536175
105626402,2,2100076312532648968,121.813792,39.135882,PICKUP,1583307438.787951
122220689,0,2100076295522354237,121.404144,39.311602,PICKUP,1583297191.423155
118792033,2,2100076316454520065,121.527620,39.277040,PICKUP,1583311424.372841
118661681,0,2100076277487372157,121.586570,39.111548,PICKUP,1583292183.407667
118661681,2,2100076320690701947,121.593191,39.111788,PICKUP,1583315084.748736
10614152,0,2100076262092801792,121.494605,39.198348,PICKUP,1583287532.095167
10593238,2,2100076329318975233,121.380336,39.135582,PICKUP,1583317385.127411
10476665,0,2100076252465596086,121.771842,39.095644,PICKUP,1583282110.600564
10476665,2,2100076268750079642,121.756958,39.112149,DELIVERY,1583289444.836310
118890377,0,2100076277091894661,121.590930,39.126390,PICKUP,1583292275.569068
10194307,0,2100076274099455556,121.595135,39.215915,DELIVERY,1583292818.302157
100681730,0,2100076278762014023,121.597064,39.133471,PICKUP,1583294022.651186
113666817,0,2100076273179690250,121.459894,39.177318,PICKUP,1583291977.690362
118798201,0,2100076266357622714,121.486808,39.141988,DELIVERY,1583285184.839576
118798201,2,2100076281483659169,121.461388,39.112612,PICKUP,1583294506.327642
10102738,0,2100076280151377845,121.223571,39.129312,PICKUP,1583292858.196998
10102738,2,2100076305978656366,121.235921,39.122562,PICKUP,1583302633.776443
119684969,0,2100076286573446906,121.550015,39.198821,PICKUP,1583294628.987778
100166169,0,2100076276294649501,121.548700,39.157852,PICKUP,1583292637.098090
100166169,2,2100076317122167994,121.568513,39.153696,PICKUP,1583312907.508632
100166169,4,2100076332179654279,121.580283,39.147767,PICKUP,1583319116.813489
10762615,0,2100076280867194527,121.582695,39.139092,PICKUP,1583292736.658351
10515576,0,2100076275327108261,121.595070,39.136957,PICKUP,1583292443.407912
10515576,2,2100076304981034826,121.617877,39.133779,PICKUP,1583302107.875437
109767250,0,2100076275652756663,121.548777,39.083578,PICKUP,1583292362.333237
109767250,2,2100076292140598455,121.569668,39.084819,PICKUP,1583297001.916393
109767250,4,2100076335332263115,121.548925,39.083599,DELIVERY,1583320847.959592
117054081,2,2100076290849507015,121.389532,39.246384,PICKUP,1583295808.865701
117054081,6,2100076329123447981,121.425472,39.248464,DELIVERY,1583318419.064334
10579286,0,2100076265450767937,121.546569,39.083598,PICKUP,1583287742.501534
112007530,0,2100076273542006425,121.548574,39.083182,PICKUP,1583291122.794828
118970329,0,2100076278525396894,122.232310,39.364650,PICKUP,1583292515.521125
118795745,0,2100076277106902657,121.486396,39.144435,DELIVERY,1583292984.248776
118795745,2,2100076315289158894,121.490338,39.142140,PICKUP,1583310549.700979
10489414,0,2100076288828049181,121.484143,39.052592,PICKUP,1583295532.371209
10489414,2,2100076336025830969,121.500203,39.061312,DELIVERY,1583320842.581364
100002543,0,2100076286982522434,121.640556,39.142024,PICKUP,1583294317.875704
118805001,0,2100076265293350009,121.383439,39.161686,DELIVERY,1583290098.326137
118805001,4,2100076315742897273,121.383320,39.161803,DELIVERY,1583314628.813739
124686817,0,2100076277912110684,121.568819,39.165838,DELIVERY,1583294300.847123
124686817,2,2100076268584503191,121.547646,39.158680,PICKUP,1583299002.533633
124686817,6,2100076324245931549,121.576993,39.151758,PICKUP,1583316736.350373
121157737,2,2100076319991891199,121.400527,39.269918,DELIVERY,1583314543.170326
120270738,0,2100076286019798201,121.621005,39.136051,PICKUP,1583293943.387027
122081305,2,2100076299794450147,121.655462,39.252787,PICKUP,1583300050.014478
122081305,4,2100076323761063099,121.655558,39.253024,PICKUP,1583315251.425864
10126649,0,2100076263748404662,121.687367,39.140674,PICKUP,1583280582.824471
10126649,2,2100076269661750710,121.687476,39.140702,PICKUP,1583289915.187516
10126649,4,2100076297544107446,121.687787,39.140820,PICKUP,1583298385.645571
10126649,6,2100076310808659382,121.687600,39.140698,PICKUP,1583308770.549497
10126649,8,2100076332522309046,121.687583,39.140767,PICKUP,1583318455.645212
115867977,2,2100076304802055776,121.467687,39.291161,PICKUP,1583303098.597142
115867977,4,2100076318043637712,121.477710,39.292539,PICKUP,1583313079.594078
115867977,6,2100076340661815145,121.459962,39.298086,PICKUP,1583323558.076638
111069178,0,2100076266184738777,121.533729,39.166161,PICKUP,1583285258.896718
111069178,4,2100076304653551577,121.534045,39.165994,PICKUP,1583302009.452574
10664091,0,2100076273440720821,121.529008,39.144097,PICKUP,1583290871.464832
120858513,0,2100076275438027896,122.224797,39.371512,PICKUP,1583292092.219601
109539178,0,2100076281448891535,121.518581,39.176261,PICKUP,1583292750.604781
109539178,4,2100076330442786008,121.517054,39.169425,PICKUP,1583318264.514691
122220553,0,2100076280091117325,121.565250,39.156217,PICKUP,1583294927.281897
117124913,0,2100076268333204719,121.486201,39.114803,DELIVERY,1583293058.595173
118828337,2,2100076284794537096,121.686961,39.125426,PICKUP,1583294296.036605
118828337,4,2100076306216617643,121.670547,39.138435,DELIVERY,1583305014.483645
118828337,6,2100076320404473154,121.689480,39.132421,PICKUP,1583313502.330609
10642055,0,2100076279913776302,121.544854,39.135059,DELIVERY,1583293804.639741
112075042,2,2100076294348768432,121.614574,39.156403,PICKUP,1583298344.889797
10548486,4,2100076334686275061,121.509928,39.162487,PICKUP,1583320031.175623
10697343,0,2100076284159198590,121.428368,39.196880,PICKUP,1583294540.828850
121778417,0,2100076283221607815,121.457410,39.298683,DELIVERY,1583295248.950778
121778417,2,2100076324710188600,121.481219,39.292648,PICKUP,1583314895.113688
101992442,0,2100076278654174667,121.485285,39.132257,PICKUP,1583293747.681888
118787313,0,2100076277124663018,121.425928,39.198901,DELIVERY,1583292686.947036
118917177,0,2100076282511394611,121.958700,39.590414,PICKUP,1583293214.008235
103133802,0,2100076280218257258,121.755699,39.351772,PICKUP,1583293410.094914
103133802,2,2100076326842402770,121.775002,39.340805,PICKUP,1583316894.299974
113147922,0,2100076292807133023,121.602265,39.128674,DELIVERY,1583297193.115288
118437025,0,2100076281429165995,121.608394,39.214191,DELIVERY,1583294683.850471
119594593,4,2100076330837443826,121.449564,39.098220,PICKUP,1583318845.025919
10499607,0,2100076281188845034,121.558520,39.174028,PICKUP,1583292759.316040
10100267,0,2100076278924248609,121.417987,39.260477,PICKUP,1583292675.026575
107130514,0,2100076276908165045,121.223801,39.129248,PICKUP,1583292543.513392
107130514,6,2100076336181413009,121.226992,39.107447,PICKUP,1583319682.161895
118800777,0,2100076290392032476,121.474246,39.172865,DELIVERY,1583296628.768416
118800777,4,2100076325370266764,121.468757,39.170162,PICKUP,1583315447.282111
118800777,6,2100076343299278393,121.474521,39.172930,DELIVERY,1583326874.218659
10277311,0,2100076288347211750,121.547635,39.201093,DELIVERY,1583294938.402721
111358546,0,2100076285053961696,121.608044,39.132973,PICKUP,1583293681.028482
10272985,0,2100076282300073380,121.466206,39.107076,DELIVERY,1583294474.964202
10386183,0,2100076283792884869,121.485142,39.168443,PICKUP,1583293962.169781
122077169,0,2100076284929181392,121.611494,39.118176,PICKUP,1583295197.267823
118456833,0,2100076287318034111,121.568644,39.149530,DELIVERY,1583294808.314370
117031321,0,2100076290420606216,121.575459,39.174707,DELIVERY,1583296512.468248
118180113,0,2100076283061143234,121.529695,39.150315,DELIVERY,1583293555.261963
10816376,0,2100076277018625068,121.425775,39.195137,PICKUP,1583292444.250615
110943594,0,2100076281043978083,121.552756,39.134088,DELIVERY,1583293638.547810
110943594,4,2100076329758098448,121.572744,39.140952,PICKUP,1583318244.284532
118308465,0,2100076286631839490,121.529437,39.063686,PICKUP,1583295974.913426
10190566,0,2100076278425585228,121.441676,39.005132,PICKUP,1583293304.223449
10081729,0,2100076268506088740,121.532167,39.153424,PICKUP,1583288373.224963
10081729,2,2100076287871976971,121.533958,39.165864,PICKUP,1583294997.681717
120104001,0,2100076276533659631,121.562261,39.126092,PICKUP,1583291882.595901
10808308,0,2100076282866107830,121.565761,39.141326,PICKUP,1583293429.450913
103040946,2,2100076287519327332,121.485298,39.162795,DELIVERY,1583295336.293192
118533169,0,2100076280430200400,121.419487,39.199846,PICKUP,1583292749.074187
106364250,2,2100076330472473693,121.700399,39.142673,PICKUP,1583317760.133107
10194640,0,2100076275950880138,121.427843,39.196002,PICKUP,1583294095.865784
118803113,0,2100076270967489588,121.566192,39.135629,PICKUP,1583289391.154794
103530058,0,2100076271843051506,121.482494,39.069000,PICKUP,1583295164.448087
10370848,0,2100076280989025975,121.454358,39.256636,PICKUP,1583295588.800000
120551017,0,2100076266520151774,121.418690,39.200325,DELIVERY,1583291717.328358
10660150,0,2100076283822179402,121.622197,39.224118,DELIVERY,1583294531.862073
102333794,0,2100076271498659405,121.348271,39.425339,DELIVERY,1583292080.744059
10763831,0,2100076261225727124,121.647877,39.182777,DELIVERY,1583292039.758847
10488513,0,2100076278777414738,121.440346,39.102343,PICKUP,1583291978.721364
10488513,4,2100076325225923826,121.468367,39.095673,DELIVERY,1583317014.102557
10208063,0,2100076270306100406,121.486562,39.024292,PICKUP,1583288622.798365
10788532,0,2100076274545919960,121.764615,39.346008,PICKUP,1583291591.587312
10298963,2,2100076290052917175,121.539218,39.250485,PICKUP,1583297262.433171
10298963,6,2100076325153474229,121.535366,39.259527,PICKUP,1583315832.477817
100023698,0,2100076274470520389,121.374013,39.135565,DELIVERY,1583292074.301322
100023698,2,2100076297848325541,121.374266,39.135489,DELIVERY,1583298197.667325
111743154,0,2100076334335592388,121.402397,39.256849,PICKUP,1583321245.436137
117052073,0,2100076269967574722,121.439307,39.100193,PICKUP,1583288460.652988
117052073,2,2100076286211687562,121.450163,39.095171,PICKUP,1583294307.870179
117052073,6,2100076325018469908,121.449915,39.095527,PICKUP,1583315375.954836
10649045,0,2100076304658564283,121.574278,39.128207,PICKUP,1583304200.637216
10582930,0,2100076267070949300,121.437762,39.169508,PICKUP,1583284962.508533
104989810,2,2100076315259996108,121.801952,39.109672,PICKUP,1583310480.321890
104989810,4,2100076334841562643,121.789326,39.125950,PICKUP,1583319430.096786
113067034,0,2100076275407783397,121.724635,39.138967,PICKUP,1583291630.131939
113067034,2,2100076321655719827,121.724735,39.140010,DELIVERY,1583315314.673537
100002652,0,2100076289130071880,121.565630,39.150311,PICKUP,1583295501.049896
100002652,4,2100076336957752781,121.563489,39.152372,PICKUP,1583320845.270306
119071601,0,2100076262089197316,121.529895,39.203293,PICKUP,1583284670.936572
121788009,0,2100076284885730489,121.538482,39.065342,PICKUP,1583294591.194642
121788009,4,2100076332207933298,121.531339,39.063840,DELIVERY,1583319209.430287
105974626,0,2100076285789045942,121.574343,39.136175,DELIVERY,1583295364.337179
118808241,0,2100076270967850743,121.480021,39.072147,PICKUP,1583289817.675413
109772898,0,2100076280665999296,121.521363,39.167000,PICKUP,1583293225.817693
102064138,4,2100076284143601091,121.433840,39.210027,DELIVERY,1583294573.568735
115365817,0,2100076289468893155,121.707888,39.267985,PICKUP,1583295340.928575
111193122,4,2100076293316773315,121.443284,39.203485,DELIVERY,1583296599.133223
111193122,10,2100076337465689399,121.453023,39.210599,DELIVERY,1583320817.225860
106205842,0,2100076263448380912,121.403043,39.052812,DELIVERY,1583281860.057511
106205842,4,2100076302218397168,121.403022,39.052812,DELIVERY,1583303602.922148
106205842,6,2100076330802447856,121.402996,39.052745,DELIVERY,1583319555.673915
106205842,8,2100076338316838384,121.403055,39.052749,DELIVERY,1583324344.464891
115753185,0,2100076274554078268,121.517595,39.346546,PICKUP,1583291037.108553
10278337,0,2100076279383491961,121.560508,39.190045,PICKUP,1583293114.386126
10278337,2,2100076307259065778,121.560759,39.190054,DELIVERY,1583306977.307889
125779698,0,2100076315794637892,121.602717,39.199333,PICKUP,1583309758.655221
125779698,2,2100076332898386945,121.617212,39.189570,DELIVERY,1583318859.776889
109696338,0,2100076328284620563,121.525121,39.132837,PICKUP,1583316638.866201
118916201,0,2100076292532962433,121.939343,39.593817,PICKUP,1583295952.765695
10364589,0,2100076271780890618,121.575127,39.103619,PICKUP,1583292563.885609
10681905,2,2100076293683349007,121.553659,39.139554,PICKUP,1583296804.928478
125552498,0,2100076329017574478,121.620917,39.135030,PICKUP,1583316758.752808
116191217,0,2100076261459461575,121.709184,39.250813,PICKUP,1583284704.517430
10671104,0,2100076264015922672,121.403023,39.052610,DELIVERY,1583281357.990743
10671104,2,2100076268227331568,121.403041,39.052654,DELIVERY,1583289890.754299
10671104,4,2100076301030655472,121.402969,39.052691,DELIVERY,1583303748.383629
10671104,6,2100076320967001584,121.403017,39.052771,DELIVERY,1583315961.851008
106164450,0,2100076281423464214,121.465428,39.158853,PICKUP,1583292696.174132
106164450,4,2100076324497589586,121.466362,39.176105,PICKUP,1583315860.210397
118394873,0,2100076291860268960,121.486161,39.062746,PICKUP,1583296222.235384
112607178,0,2100076326851871987,121.737481,39.359567,PICKUP,1583316862.919892
116274473,0,2100076323640083644,121.410380,39.125783,PICKUP,1583316926.392214
101928706,0,2100076284438021592,121.605669,39.118506,DELIVERY,1583294790.101141
101928706,4,2100076325714986680,121.605626,39.118319,PICKUP,1583316195.578659
123397273,0,2100076282890945912,121.632904,39.149200,PICKUP,1583293944.361939
105676642,2,2100076337274783059,121.680769,39.292648,PICKUP,1583322148.037618
101266154,0,2100076285236216955,121.380591,39.130802,PICKUP,1583295200.522370
10664583,0,2100076280068671135,122.242668,39.368353,PICKUP,1583293582.533292
101147106,2,2100076304023619433,121.438629,39.186378,DELIVERY,1583302107.113474
101147106,6,2100076334290569194,121.428634,39.183585,PICKUP,1583319517.517963
10617582,0,2100076289422230771,121.768776,39.343659,PICKUP,1583295438.364781
108136778,2,2100076285354411837,121.490003,39.150508,DELIVERY,1583293973.344420
108136778,6,2100076325169858504,121.484486,39.164473,PICKUP,1583315821.641244
117916001,2,2100076296448411166,121.408066,39.189950,DELIVERY,1583298813.562619
124259025,0,2100076266586179567,121.574164,39.115532,PICKUP,1583286702.184423
103384498,0,2100076262685836351,121.402209,39.176862,DELIVERY,1583283520.217977
118790761,0,2100076276600374545,121.527322,39.220729,DELIVERY,1583293374.589788
10354617,0,2100076262496831178,121.541607,39.172344,PICKUP,1583285312.180528
10354617,2,2100076281101158096,121.546859,39.177790,DELIVERY,1583294157.913244
10354617,8,2100076325729863376,121.558696,39.181586,PICKUP,1583316246.850267
10007871,0,2100076291554542992,121.630705,39.142443,DELIVERY,1583296400.218338
10724729,0,2100076267545069247,121.432548,39.062645,DELIVERY,1583289692.522177
10724729,2,2100076329661892279,121.433831,39.065885,PICKUP,1583317592.970392
105276506,0,2100076264843675126,121.499283,39.168809,PICKUP,1583282341.537778
116190881,0,2100076284990260852,121.707800,39.266778,PICKUP,1583293493.459723
118816345,0,2100076267664148167,121.557501,39.183493,PICKUP,1583286856.961204
118816345,2,2100076287534663255,121.559724,39.190887,PICKUP,1583296172.275967
123735529,0,2100076276275545818,121.595817,39.216492,PICKUP,1583291848.692551
102449370,0,2100076269122061407,121.685950,39.227532,DELIVERY,1583290915.117198
121123553,0,2100076288460358743,121.483000,39.052682,PICKUP,1583294918.946195
120434978,0,2100076278772205276,121.404524,39.034150,PICKUP,1583293042.905658
118802153,0,2100076283478050481,121.519975,39.223105,PICKUP,1583293667.067425
118702473,0,2100076269808125098,121.480933,39.170433,DELIVERY,1583290030.010238
118702473,2,2100076304618357930,121.471284,39.168911,PICKUP,1583304042.955299
117069353,0,2100076263245645174,121.670373,39.168889,PICKUP,1583283088.177093
117069353,2,2100076286997464477,121.660842,39.169605,DELIVERY,1583295966.650702
117069353,4,2100076306356470960,121.669308,39.165966,PICKUP,1583303720.042671
114811105,0,2100076283304314756,121.429208,39.062147,PICKUP,1583293969.352777
114811105,2,2100076339253380132,121.421527,39.068765,PICKUP,1583322640.352859
112996714,0,2100076273531979521,121.377306,39.146811,PICKUP,1583293420.673328
117056905,0,2100076277109327735,121.451335,39.175521,PICKUP,1583293002.051429
122605561,0,2100076286213096572,121.567348,39.187126,DELIVERY,1583295138.475035
122605561,4,2100076335188182389,121.561915,39.182201,PICKUP,1583320173.170533
103404602,0,2100076287245878672,121.359900,39.122021,PICKUP,1583296004.069238
103404602,6,2100076336434579252,121.343017,39.114628,PICKUP,1583319966.481216
118908809,0,2100076283800815611,121.601009,39.140259,PICKUP,1583294883.061279
118908809,2,2100076306052450266,121.593181,39.146090,DELIVERY,1583304023.047616
10210023,0,2100076184516364218,121.588863,39.206720,PICKUP,1583291361.181850
103493258,0,2100076278180217972,121.483371,39.083086,PICKUP,1583292027.498104
103493258,4,2100076326502205330,121.463725,39.091804,PICKUP,1583316778.122719
10313234,0,2100076268795102479,121.522239,39.181210,PICKUP,1583292557.780019
10313234,2,2100076321967048601,121.517335,39.181833,DELIVERY,1583315008.330539
110829786,0,2100076280206787943,121.540939,39.063533,DELIVERY,1583293459.024417
120171578,0,2100076283437385034,121.494152,39.198340,PICKUP,1583293883.779842
120171578,2,2100076318029284679,121.514804,39.190356,PICKUP,1583313483.197943
120171578,4,2100076334375961967,121.485971,39.194433,PICKUP,1583320003.872146
10700099,0,2100076272671589913,121.570569,39.123338,PICKUP,1583293317.662650
117779017,0,2100076260246881717,121.365596,39.121474,PICKUP,1583291526.477717
117779017,2,2100076307693339854,121.338636,39.123776,PICKUP,1583304682.842138
117779017,4,2100076319670764750,121.316437,39.122205,PICKUP,1583314822.208093
10075573,0,2100076281445483992,121.541775,39.133056,PICKUP,1583292422.686157
124981409,0,2100076287796151926,121.527675,39.276888,PICKUP,1583294824.831288
124981409,2,2100076315110245529,121.527611,39.276987,PICKUP,1583311433.259856
124981409,4,2100076342054683801,121.529289,39.285980,DELIVERY,1583324088.192339
10271563,0,2100076282316424505,121.496881,39.059594,DELIVERY,1583293581.367342
10748334,0,2100076285135521287,121.712226,39.361770,PICKUP,1583294045.140800
103191818,0,2100076282915784138,121.534533,39.260530,PICKUP,1583294178.531758
106277138,0,2100076291502573474,121.612174,39.189139,PICKUP,1583296334.738958
113736177,2,2100076296467481786,121.568989,39.174312,DELIVERY,1583298382.140815
119531657,0,2100076299098686520,121.741238,39.245844,PICKUP,1583297975.640025
10404691,0,2100076279933600895,121.443504,39.185031,PICKUP,1583293485.266128
118918985,0,2100076279629186189,121.958871,39.592635,PICKUP,1583292659.467891
118918985,2,2100076309999191862,121.959091,39.592677,PICKUP,1583307174.819745
10478035,0,2100076266728982229,121.503237,39.194895,PICKUP,1583286700.928038
107694242,0,2100076319212668291,121.410832,39.039561,PICKUP,1583313398.345481
101393874,2,2100076339478824776,121.568514,39.149925,PICKUP,1583322050.734704
10755989,4,2100076340729644895,121.576976,39.125861,PICKUP,1583321805.066514
10392454,0,2100076272019015231,121.484251,39.164497,PICKUP,1583290523.409971
10392454,2,2100076287833966054,121.484710,39.167210,DELIVERY,1583295788.689359
114286177,0,2100076279053092543,121.569502,39.084807,PICKUP,1583293298.365884
107874090,0,2100076261744379621,121.796114,39.156327,PICKUP,1583284478.506514
102505146,0,2100076262761399759,121.531763,39.250823,PICKUP,1583286520.817341
102505146,2,2100076290847246136,121.530517,39.249601,PICKUP,1583295755.970701
10518924,0,2100076302720861935,121.467880,39.078532,PICKUP,1583299781.909089
113601193,0,2100076280699618896,121.425586,39.198431,DELIVERY,1583294082.483448
117056185,0,2100076277888910512,121.225074,39.129167,PICKUP,1583293516.485057
117428305,0,2100076292924442175,121.522109,39.282175,DELIVERY,1583296985.949026
10325553,0,2100076277350171915,121.459644,39.155171,DELIVERY,1583293106.135024
10325553,2,2100076322122761602,121.459949,39.153864,PICKUP,1583313847.174973
100240426,0,2100076288528319751,121.445346,38.948719,PICKUP,1583294549.693281
10249075,8,2100076325439309818,121.575857,39.105182,PICKUP,1583316051.068838
118792841,4,2100076321989527262,121.520117,39.223170,PICKUP,1583315014.297654
102693874,0,2100076273125983808,121.595371,39.207437,DELIVERY,1583292298.750438
118804241,0,2100076280257382314,121.481609,39.118542,PICKUP,1583293765.045136
106108922,0,2100076286782015061,121.592661,39.204648,PICKUP,1583294368.225039
110997610,0,2100076327767868701,121.601263,39.136967,PICKUP,1583317875.831073
117024145,0,2100076274053612942,121.480058,39.072201,PICKUP,1583291808.682475
117080089,0,2100076280230708917,121.942112,39.596544,DELIVERY,1583293570.129228
117110985,0,2100076260638557931,121.483171,39.197605,DELIVERY,1583292913.147587
10719665,6,2100076334896514582,121.353444,39.430913,PICKUP,1583319270.172273
118811881,2,2100076302170948659,121.439336,39.100228,PICKUP,1583300776.157848
118811881,4,2100076315006404116,121.439396,39.099423,PICKUP,1583310874.974520
118811881,6,2100076339555928059,121.447357,39.095508,DELIVERY,1583322796.468019
117070033,0,2100076286138320878,121.660255,39.168281,PICKUP,1583294358.469020
10742004,0,2100076281652676599,121.486627,39.126424,PICKUP,1583293893.822002
10742004,2,2100076324176659631,121.476664,39.125131,PICKUP,1583316179.445396
10194017,2,2100076283528841087,121.445872,39.155871,PICKUP,1583293276.148497
10601332,0,2100076293607753325,121.537396,39.197327,PICKUP,1583296510.480899
10303438,2,2100076331289183788,121.454985,39.183215,PICKUP,1583318181.082870
117164105,0,2100076285727508330,121.527413,39.064598,PICKUP,1583293943.163599
10767994,0,2100076273541940889,121.401556,39.175916,PICKUP,1583294180.164020
10767994,2,2100076290380695492,121.401287,39.176498,PICKUP,1583301423.480993
10063068,0,2100076280597316877,121.487781,39.068540,PICKUP,1583292840.879030
102895674,2,2100076291501721061,121.450279,39.217053,PICKUP,1583296391.187732
102895674,4,2100076322267759679,121.453104,39.210538,PICKUP,1583314814.385227
10381846,0,2100076282010732053,121.231894,39.130826,PICKUP,1583293815.972086
10381846,2,2100076318155080830,121.223837,39.129311,PICKUP,1583312518.693008
116737865,0,2100076272141141986,121.541587,39.065917,PICKUP,1583290976.593709
118789929,2,2100076276881032678,121.478020,39.136165,PICKUP,1583292314.538785
118805049,4,2100076321675511207,121.474105,39.133954,PICKUP,1583314707.220211
111356426,0,2100076285779478179,121.766974,39.131864,PICKUP,1583297412.405161
118448081,0,2100076274664310474,121.631296,39.141318,PICKUP,1583292969.523573
10183941,4,2100076288602048122,121.573378,39.111058,PICKUP,1583300017.459070
120561993,0,2100076260014589156,121.530722,39.269563,PICKUP,1583286559.179506
10788622,0,2100076262425855567,121.614506,39.156703,PICKUP,1583288196.411413
10788622,2,2100076293617649593,121.615159,39.149164,DELIVERY,1583296505.780343
10788622,4,2100076316984476848,121.614446,39.163024,PICKUP,1583313709.200019
10788622,6,2100076342323152048,121.614556,39.156847,PICKUP,1583325859.342937
120601473,0,2100076282338871042,121.483112,39.197635,PICKUP,1583293275.197452
123679329,0,2100076279012427008,121.568564,39.149555,PICKUP,1583292723.918573
118662905,2,2100076282627196601,121.545180,39.077803,PICKUP,1583293492.137827
10572923,0,2100076284937307751,121.523697,39.114316,PICKUP,1583294409.298415
10584671,0,2100076284424881657,121.775118,39.099339,PICKUP,1583293456.542476
117464353,0,2100076264524350521,121.615776,39.042076,PICKUP,1583283326.150981
117464353,2,2100076278428862462,121.629081,39.039534,PICKUP,1583293440.767109
10711258,0,2100076271406515384,121.550572,39.147337,DELIVERY,1583291048.532818
10138087,0,2100076273338549552,121.426964,39.197892,DELIVERY,1583291006.821627
111618922,0,2100076265285354606,121.536818,39.175196,PICKUP,1583285273.686452
111618922,2,2100076286294688963,121.482958,39.185356,DELIVERY,1583296343.283421
111618922,6,2100076329491367916,121.516688,39.186326,PICKUP,1583317595.266383
117013905,0,2100076280394418073,121.285697,39.141080,DELIVERY,1583293816.897664
107045802,2,2100076325875090528,121.603153,39.188405,PICKUP,1583317543.749280
116377137,2,2100076278191654431,121.958973,39.592474,DELIVERY,1583292413.513380
10365330,0,2100076263606486016,121.712967,39.144011,PICKUP,1583286152.548619
111269722,0,2100076265447326919,121.472735,39.199420,PICKUP,1583283837.482733
106246218,0,2100076269529368238,121.657678,39.305855,PICKUP,1583289855.636758
106246218,2,2100076306155767002,121.657787,39.317802,PICKUP,1583303854.338086
106246218,4,2100076321401571004,121.657535,39.317561,PICKUP,1583313501.654554
118819825,0,2100076271316632809,121.579647,39.223086,PICKUP,1583293729.678276
10120267,6,2100076339474302588,121.428071,39.197909,PICKUP,1583321921.931600
10248665,0,2100076281474090532,121.420481,39.141667,DELIVERY,1583293928.248739
10756966,0,2100076287362991822,121.439702,39.248501,PICKUP,1583294784.775103
10756966,2,2100076320647546429,121.450336,39.245214,PICKUP,1583314524.235520
116479041,0,2100076275114378965,121.465788,39.159057,PICKUP,1583291952.294880
104583538,0,2100076262606866257,121.495426,39.158556,DELIVERY,1583281798.374654
122079457,0,2100076286286268009,121.368125,39.107611,PICKUP,1583295136.687062
120625801,0,2100076271207187642,121.631074,39.134676,DELIVERY,1583291697.865246
101943338,2,2100076271271019753,121.675565,39.271262,DELIVERY,1583289758.531750
110622026,0,2100076286329783678,121.568520,39.151932,PICKUP,1583294750.620575
10591853,0,2100076272450078133,121.428419,39.196051,PICKUP,1583291179.747549
103006362,0,2100076263510148485,121.522500,39.179169,PICKUP,1583281375.411031
110962402,2,2100076276750320650,121.458401,39.155061,PICKUP,1583292354.543346
10789434,0,2100076264262207194,121.474510,39.134887,PICKUP,1583283300.068262
120130201,2,2100076286277519190,121.477147,39.091997,DELIVERY,1583295490.494714
120130201,4,2100076308691224340,121.493352,39.098552,DELIVERY,1583305842.063675
10751154,0,2100076291810232076,121.676228,38.966999,DELIVERY,1583296079.406620
116505025,0,2100076281028347444,121.179059,38.930706,DELIVERY,1583294333.885494
115753441,2,2100076293288658375,121.528824,39.334822,PICKUP,1583296172.489755
115753441,4,2100076328349631773,121.526655,39.334649,PICKUP,1583316331.335878
123931449,4,2100076313356502678,121.537265,39.179961,PICKUP,1583318082.218371
123931449,6,2100076341587903671,121.537914,39.181487,PICKUP,1583324542.312917
118347857,0,2100076263583614905,121.586358,39.028825,PICKUP,1583283209.329195
114454825,0,2100076287504058102,121.531358,39.016815,PICKUP,1583294584.954224
114454825,2,2100076320880789498,121.543806,39.022772,PICKUP,1583314395.705432
118918017,6,2100076326148408863,121.971569,39.590442,PICKUP,1583316356.017669
122881657,0,2100076281890178503,121.713350,39.143932,PICKUP,1583293404.974797
122881657,4,2100076250074252990,121.724480,39.139191,DELIVERY,1583311803.627169
10805160,4,2100076336913384847,121.614873,39.020281,PICKUP,1583320849.277927
118665761,2,2100076298812229113,121.755510,39.114132,PICKUP,1583298396.541384
118665761,4,2100076318738548333,121.779927,39.102701,PICKUP,1583312240.319890
10773341,2,2100076274391647713,121.531170,39.019505,DELIVERY,1583291642.877603
118206785,2,2100076296232929048,121.448570,39.215128,PICKUP,1583297210.718479
100170616,0,2100076285082011324,121.472617,39.199445,PICKUP,1583294341.985429
100170616,2,2100076315633485228,121.479100,39.199770,PICKUP,1583311422.201113
124267545,0,2100076285881451994,121.500108,39.057837,DELIVERY,1583294363.272582
124267545,2,2100076267835360563,121.492580,39.062816,DELIVERY,1583307026.862721
117115569,0,2100076269428049510,121.443162,39.185594,PICKUP,1583293081.636331
102505842,0,2100076324752819798,121.605417,39.179480,DELIVERY,1583316091.391122
10123801,0,2100076283678295179,121.478198,39.071418,PICKUP,1583293163.918888
121572297,0,2100076270010992508,121.760871,39.095138,PICKUP,1583288517.461963
121572297,4,2100076300905744082,121.751739,39.091261,PICKUP,1583300349.679274
117113497,0,2100076264248903427,121.412751,39.255081,PICKUP,1583284595.177305
103679442,0,2100076278866216073,121.484741,39.164510,PICKUP,1583292829.687286
113396953,2,2100076293611980128,121.573012,39.083317,PICKUP,1583296909.960162
10583026,0,2100076275846906939,121.308078,39.026471,PICKUP,1583291520.880895
10583026,2,2100076328801764718,121.277154,39.028226,PICKUP,1583317387.014424
10289729,0,2100076273626121559,121.458460,39.125653,PICKUP,1583293400.372435
117054417,4,2100076307367233019,121.452811,39.103038,PICKUP,1583305049.909853
117054417,6,2100076322001749569,121.439570,39.100200,PICKUP,1583314887.070153
117025201,0,2100076281869239408,121.591580,39.206828,PICKUP,1583293618.067651
117025201,4,2100076334014202973,121.580777,39.213841,PICKUP,1583319459.567468
121658489,0,2100076284331230937,121.547213,39.207876,PICKUP,1583293150.961748
121658489,2,2100076325955536399,121.547465,39.207646,PICKUP,1583316187.220448
106581010,0,2100076278463169744,121.617255,39.133913,PICKUP,1583292031.640848
115450025,0,2100076295788594594,121.401278,39.310548,DELIVERY,1583298895.930546
115450025,2,2100076328241071529,121.401531,39.314028,PICKUP,1583316277.933560
102246634,0,2100076279985702574,121.352692,39.441745,PICKUP,1583293276.670254
10363032,0,2100076264718926934,121.518215,39.189111,PICKUP,1583281035.059198
118888121,2,2100076329659107183,121.522190,39.215905,PICKUP,1583317129.547697
124124649,0,2100076277218674021,121.576663,39.175864,PICKUP,1583292293.254828
118774137,2,2100076298171680387,121.436671,39.258199,PICKUP,1583298087.350318
101914266,0,2100076264314439138,121.622819,39.134274,PICKUP,1583284942.221247
114716833,0,2100076286709892825,121.543547,39.207284,PICKUP,1583294195.489627
113186569,2,2100076288489096753,121.353563,39.429287,PICKUP,1583294279.566489
10366255,0,2100076272201205156,121.473839,39.106636,PICKUP,1583290891.175160
10219599,2,2100076276339115643,121.585865,39.108105,PICKUP,1583295802.781342
10219599,6,2100076334384580300,121.562383,39.111212,PICKUP,1583319985.990549
120549513,0,2100076282202621318,121.433198,38.903870,PICKUP,1583293085.491336
120549513,2,2100076300497717244,121.430911,38.905262,PICKUP,1583299375.078797
116795681,0,2100076279658186066,121.461094,39.180186,DELIVERY,1583294853.296191
10083928,0,2100076263603668787,121.595411,39.207263,PICKUP,1583282325.755672
10083928,6,2100076302525925105,121.594691,39.207154,DELIVERY,1583301153.046795
10415210,0,2100076285456123269,121.531281,39.114988,PICKUP,1583294464.644181
10415210,2,2100076303141275247,121.527359,39.118007,DELIVERY,1583302953.288027
10415210,4,2100076328070022498,121.539044,39.115132,PICKUP,1583316689.532340
120550817,2,2100076291210807022,121.426648,39.196595,DELIVERY,1583296486.128232
10638398,0,2100076175950120527,121.614645,39.156744,PICKUP,1583287147.257144
10638398,4,2100076343368353359,121.614215,39.156340,PICKUP,1583325296.825792
10712014,2,2100076289836287833,121.422580,39.152177,DELIVERY,1583296236.190545
10712014,4,2100076310602417759,121.442664,39.156547,PICKUP,1583310588.009414
118800849,0,2100076279793583966,121.486307,39.145209,PICKUP,1583294241.858373
118800849,2,2100076324608443869,121.487329,39.130154,PICKUP,1583315642.325499
